=== Run information ===

Scheme:       weka.classifiers.lazy.IBk -K 7 -W 0 -A "weka.core.neighboursearch.LinearNNSearch -A \"weka.core.EuclideanDistance -R first-last\""
Relation:     orl
Instances:    400
Attributes:   10305
              [list of attributes omitted]
Test mode:    10-fold cross-validation

=== Classifier model (full training set) ===

IB1 instance-based classifier
using 7 nearest neighbour(s) for classification


Time taken to build model: 0 seconds

=== Predictions on test data ===

    inst#     actual  predicted error prediction
        1      15:14      15:14       0.563 
        2      38:37      38:37       0.844 
        3      12:11      12:11       0.844 
        4      19:18      19:18       0.985 
        5       10:9        3:2   +   0.282 
        6        3:2        3:2       0.704 
        7      13:12      13:12       0.985 
        8      29:28      29:28       0.704 
        9      35:34      25:24   +   0.563 
       10      36:35        7:6   +   0.422 
       11      27:26      27:26       0.563 
       12      33:32      21:20   +   0.422 
       13        7:6        7:6       0.985 
       14      37:36      37:36       0.563 
       15        1:0        2:1   +   0.422 
       16        8:7        8:7       0.985 
       17        2:1        2:1       0.985 
       18      21:20      21:20       0.985 
       19      20:19        4:3   +   0.422 
       20      18:17      18:17       0.704 
       21      25:24      25:24       0.844 
       22      17:16      17:16       0.563 
       23      32:31      32:31       0.563 
       24      11:10      11:10       0.844 
       25      14:13      14:13       0.704 
       26      31:30      31:30       0.563 
       27        9:8        9:8       0.704 
       28      40:39      18:17   +   0.422 
       29      22:21      22:21       0.985 
       30      24:23      24:23       0.985 
       31      34:33      34:33       0.985 
       32        5:4        5:4       0.704 
       33      30:29      30:29       0.985 
       34        4:3        4:3       0.704 
       35      26:25      26:25       0.985 
       36      28:27      37:36   +   0.563 
       37      23:22      23:22       0.704 
       38      16:15      16:15       0.704 
       39      39:38      39:38       0.704 
       40        6:5        6:5       0.985 
        1      15:14      15:14       0.563 
        2      38:37      38:37       0.704 
        3      12:11      12:11       0.704 
        4      19:18      15:14   +   0.422 
        5       10:9       10:9       0.985 
        6        3:2        3:2       0.704 
        7      13:12      18:17   +   0.563 
        8      29:28      29:28       0.844 
        9      35:34      40:39   +   0.422 
       10      36:35        7:6   +   0.422 
       11      27:26      27:26       0.985 
       12      33:32      33:32       0.844 
       13        7:6        7:6       0.985 
       14      37:36      37:36       0.563 
       15        1:0      16:15   +   0.563 
       16        8:7        8:7       0.985 
       17        2:1        2:1       0.985 
       18      21:20      21:20       0.844 
       19      20:19      20:19       0.282 
       20      18:17      18:17       0.563 
       21      25:24      25:24       0.844 
       22      17:16      17:16       0.704 
       23      32:31      32:31       0.985 
       24      11:10      11:10       0.844 
       25      14:13      14:13       0.844 
       26      31:30      30:29   +   0.422 
       27        9:8        9:8       0.985 
       28      40:39        5:4   +   0.704 
       29      22:21      22:21       0.985 
       30      24:23      24:23       0.985 
       31      34:33      34:33       0.985 
       32        5:4        5:4       0.844 
       33      30:29      30:29       0.985 
       34        4:3        4:3       0.563 
       35      26:25      26:25       0.704 
       36      28:27      15:14   +   0.422 
       37      23:22      23:22       0.422 
       38      16:15        1:0   +   0.422 
       39      39:38      39:38       0.844 
       40        6:5        6:5       0.985 
        1      15:14      15:14       0.563 
        2      38:37      38:37       0.844 
        3      12:11      12:11       0.844 
        4      19:18      19:18       0.844 
        5       10:9       10:9       0.985 
        6        3:2        3:2       0.563 
        7      13:12      13:12       0.844 
        8      29:28      29:28       0.844 
        9      35:34      15:14   +   0.563 
       10      36:35        7:6   +   0.704 
       11      27:26      27:26       0.704 
       12      33:32      33:32       0.844 
       13        7:6        7:6       0.985 
       14      37:36      37:36       0.563 
       15        1:0        1:0       0.704 
       16        8:7        8:7       0.985 
       17        2:1        2:1       0.985 
       18      21:20      21:20       0.844 
       19      20:19      20:19       0.422 
       20      18:17      18:17       0.844 
       21      25:24      25:24       0.844 
       22      17:16      17:16       0.563 
       23      32:31        2:1   +   0.422 
       24      11:10      11:10       0.563 
       25      14:13      14:13       0.844 
       26      31:30      31:30       0.563 
       27        9:8        9:8       0.422 
       28      40:39        5:4   +   0.704 
       29      22:21      22:21       0.985 
       30      24:23      24:23       0.985 
       31      34:33      34:33       0.985 
       32        5:4        5:4       0.985 
       33      30:29      30:29       0.985 
       34        4:3        4:3       0.844 
       35      26:25      26:25       0.844 
       36      28:27      28:27       0.422 
       37      23:22      38:37   +   0.563 
       38      16:15      16:15       0.704 
       39      39:38      39:38       0.563 
       40        6:5        6:5       0.985 
        1      15:14      15:14       0.563 
        2      38:37      38:37       0.844 
        3      12:11      12:11       0.844 
        4      19:18      19:18       0.985 
        5       10:9       10:9       0.844 
        6        3:2        3:2       0.704 
        7      13:12      13:12       0.844 
        8      29:28      29:28       0.704 
        9      35:34      15:14   +   0.422 
       10      36:35      36:35       0.563 
       11      27:26      27:26       0.844 
       12      33:32      33:32       0.844 
       13        7:6        7:6       0.985 
       14      37:36      37:36       0.563 
       15        1:0        1:0       0.422 
       16        8:7        8:7       0.985 
       17        2:1        2:1       0.985 
       18      21:20      21:20       0.985 
       19      20:19      20:19       0.563 
       20      18:17      18:17       0.844 
       21      25:24        5:4   +   0.422 
       22      17:16      17:16       0.563 
       23      32:31      32:31       0.704 
       24      11:10      11:10       0.844 
       25      14:13      14:13       0.563 
       26      31:30      31:30       0.563 
       27        9:8        9:8       0.844 
       28      40:39        5:4   +   0.563 
       29      22:21      22:21       0.985 
       30      24:23      24:23       0.985 
       31      34:33      34:33       0.985 
       32        5:4        5:4       0.844 
       33      30:29      30:29       0.844 
       34        4:3        4:3       0.563 
       35      26:25      26:25       0.563 
       36      28:27      37:36   +   0.563 
       37      23:22      23:22       0.563 
       38      16:15        1:0   +   0.422 
       39      39:38      39:38       0.704 
       40        6:5        6:5       0.985 
        1      15:14      15:14       0.563 
        2      38:37      38:37       0.563 
        3      12:11      12:11       0.704 
        4      19:18      19:18       0.985 
        5       10:9       10:9       0.704 
        6        3:2        3:2       0.704 
        7      13:12      13:12       0.985 
        8      29:28      29:28       0.985 
        9      35:34      25:24   +   0.563 
       10      36:35      17:16   +   0.563 
       11      27:26      27:26       0.563 
       12      33:32      33:32       0.844 
       13        7:6        7:6       0.985 
       14      37:36      37:36       0.563 
       15        1:0        1:0       0.422 
       16        8:7        8:7       0.985 
       17        2:1        2:1       0.985 
       18      21:20      21:20       0.985 
       19      20:19      20:19       0.563 
       20      18:17      18:17       0.704 
       21      25:24      25:24       0.844 
       22      17:16        3:2   +   0.282 
       23      32:31      32:31       0.985 
       24      11:10      11:10       0.563 
       25      14:13      14:13       0.844 
       26      31:30      31:30       0.563 
       27        9:8        9:8       0.844 
       28      40:39      40:39       0.563 
       29      22:21      22:21       0.985 
       30      24:23      24:23       0.985 
       31      34:33      34:33       0.985 
       32        5:4        5:4       0.704 
       33      30:29      30:29       0.844 
       34        4:3        4:3       0.704 
       35      26:25      26:25       0.985 
       36      28:27      28:27       0.563 
       37      23:22      23:22       0.844 
       38      16:15      16:15       0.704 
       39      39:38      39:38       0.985 
       40        6:5        6:5       0.985 
        1      15:14      15:14       0.563 
        2      38:37      38:37       0.985 
        3      12:11      12:11       0.844 
        4      19:18      19:18       0.985 
        5       10:9      38:37   +   0.422 
        6        3:2        3:2       0.704 
        7      13:12      13:12       0.985 
        8      29:28      29:28       0.563 
        9      35:34      25:24   +   0.563 
       10      36:35        7:6   +   0.563 
       11      27:26      27:26       0.844 
       12      33:32      33:32       0.844 
       13        7:6        7:6       0.844 
       14      37:36      37:36       0.563 
       15        1:0        1:0       0.704 
       16        8:7        8:7       0.985 
       17        2:1        2:1       0.985 
       18      21:20      21:20       0.985 
       19      20:19      20:19       0.422 
       20      18:17      18:17       0.704 
       21      25:24      25:24       0.844 
       22      17:16      17:16       0.844 
       23      32:31      32:31       0.985 
       24      11:10      11:10       0.844 
       25      14:13      14:13       0.844 
       26      31:30      31:30       0.422 
       27        9:8        9:8       0.985 
       28      40:39        5:4   +   0.563 
       29      22:21      22:21       0.985 
       30      24:23      24:23       0.844 
       31      34:33      34:33       0.985 
       32        5:4      18:17   +   0.563 
       33      30:29      30:29       0.704 
       34        4:3        4:3       0.844 
       35      26:25      26:25       0.704 
       36      28:27      37:36   +   0.704 
       37      23:22      23:22       0.844 
       38      16:15      16:15       0.563 
       39      39:38      39:38       0.563 
       40        6:5        6:5       0.985 
        1      15:14      15:14       0.563 
        2      38:37      38:37       0.563 
        3      12:11      12:11       0.985 
        4      19:18      19:18       0.844 
        5       10:9       10:9       0.844 
        6        3:2        3:2       0.985 
        7      13:12      13:12       0.985 
        8      29:28      29:28       0.704 
        9      35:34      35:34       0.422 
       10      36:35      36:35       0.563 
       11      27:26      27:26       0.563 
       12      33:32      33:32       0.844 
       13        7:6        7:6       0.985 
       14      37:36      37:36       0.563 
       15        1:0        1:0       0.844 
       16        8:7        8:7       0.985 
       17        2:1        2:1       0.985 
       18      21:20      21:20       0.844 
       19      20:19      29:28   +   0.563 
       20      18:17      18:17       0.704 
       21      25:24      25:24       0.844 
       22      17:16        3:2   +   0.282 
       23      32:31      32:31       0.844 
       24      11:10      11:10       0.844 
       25      14:13      14:13       0.844 
       26      31:30      31:30       0.422 
       27        9:8        9:8       0.563 
       28      40:39      40:39       0.563 
       29      22:21      22:21       0.985 
       30      24:23      24:23       0.985 
       31      34:33      34:33       0.844 
       32        5:4        5:4       0.704 
       33      30:29      30:29       0.985 
       34        4:3        4:3       0.563 
       35      26:25      26:25       0.985 
       36      28:27      37:36   +   0.563 
       37      23:22      23:22       0.563 
       38      16:15      16:15       0.563 
       39      39:38      39:38       0.704 
       40        6:5        6:5       0.985 
        1      15:14      15:14       0.563 
        2      38:37      38:37       0.704 
        3      12:11      12:11       0.704 
        4      19:18      19:18       0.985 
        5       10:9       10:9       0.844 
        6        3:2        3:2       0.704 
        7      13:12      13:12       0.844 
        8      29:28      29:28       0.844 
        9      35:34      35:34       0.422 
       10      36:35      17:16   +   0.422 
       11      27:26      27:26       0.844 
       12      33:32      33:32       0.563 
       13        7:6        7:6       0.985 
       14      37:36      37:36       0.563 
       15        1:0      17:16   +   0.422 
       16        8:7        8:7       0.985 
       17        2:1        2:1       0.985 
       18      21:20      21:20       0.985 
       19      20:19      20:19       0.422 
       20      18:17      18:17       0.704 
       21      25:24      25:24       0.985 
       22      17:16      17:16       0.563 
       23      32:31      32:31       0.704 
       24      11:10      11:10       0.844 
       25      14:13      14:13       0.985 
       26      31:30      31:30       0.563 
       27        9:8        9:8       0.704 
       28      40:39      40:39       0.563 
       29      22:21      22:21       0.985 
       30      24:23      24:23       0.985 
       31      34:33      34:33       0.985 
       32        5:4        5:4       0.985 
       33      30:29      30:29       0.985 
       34        4:3        4:3       0.844 
       35      26:25      26:25       0.563 
       36      28:27      28:27       0.422 
       37      23:22      23:22       0.563 
       38      16:15      15:14   +   0.422 
       39      39:38      39:38       0.563 
       40        6:5        6:5       0.985 
        1      15:14      15:14       0.563 
        2      38:37      38:37       0.844 
        3      12:11      12:11       0.985 
        4      19:18      19:18       0.985 
        5       10:9       10:9       0.704 
        6        3:2        3:2       0.563 
        7      13:12      13:12       0.985 
        8      29:28      29:28       0.844 
        9      35:34      25:24   +   0.563 
       10      36:35      36:35       0.704 
       11      27:26      27:26       0.985 
       12      33:32      33:32       0.985 
       13        7:6        7:6       0.985 
       14      37:36      37:36       0.563 
       15        1:0        1:0       0.704 
       16        8:7        8:7       0.985 
       17        2:1        2:1       0.985 
       18      21:20      21:20       0.985 
       19      20:19      20:19       0.422 
       20      18:17      18:17       0.985 
       21      25:24      25:24       0.563 
       22      17:16      17:16       0.422 
       23      32:31      32:31       0.844 
       24      11:10      19:18   +   0.422 
       25      14:13      14:13       0.985 
       26      31:30      21:20   +   0.422 
       27        9:8        9:8       0.985 
       28      40:39        5:4   +   0.422 
       29      22:21      22:21       0.985 
       30      24:23      24:23       0.704 
       31      34:33      34:33       0.844 
       32        5:4        5:4       0.704 
       33      30:29      30:29       0.844 
       34        4:3        4:3       0.704 
       35      26:25      26:25       0.844 
       36      28:27      19:18   +   0.422 
       37      23:22      23:22       0.985 
       38      16:15      16:15       0.282 
       39      39:38      39:38       0.704 
       40        6:5        6:5       0.985 
        1      15:14      15:14       0.563 
        2      38:37      38:37       0.844 
        3      12:11      12:11       0.844 
        4      19:18      19:18       0.985 
        5       10:9       10:9       0.844 
        6        3:2        3:2       0.282 
        7      13:12      13:12       0.985 
        8      29:28      29:28       0.844 
        9      35:34      35:34       0.422 
       10      36:35        7:6   +   0.563 
       11      27:26      27:26       0.704 
       12      33:32      33:32       0.704 
       13        7:6        7:6       0.985 
       14      37:36      37:36       0.563 
       15        1:0        1:0       0.704 
       16        8:7        8:7       0.985 
       17        2:1        2:1       0.985 
       18      21:20      21:20       0.985 
       19      20:19      20:19       0.422 
       20      18:17      18:17       0.844 
       21      25:24        5:4   +   0.422 
       22      17:16      17:16       0.282 
       23      32:31      32:31       0.704 
       24      11:10      11:10       0.422 
       25      14:13      14:13       0.844 
       26      31:30      31:30       0.563 
       27        9:8        9:8       0.844 
       28      40:39      18:17   +   0.422 
       29      22:21      22:21       0.985 
       30      24:23      24:23       0.985 
       31      34:33      34:33       0.985 
       32        5:4        5:4       0.844 
       33      30:29      30:29       0.985 
       34        4:3        4:3       0.563 
       35      26:25      26:25       0.704 
       36      28:27      28:27       0.422 
       37      23:22      23:22       0.704 
       38      16:15      16:15       0.563 
       39      39:38      39:38       0.563 
       40        6:5        6:5       0.985 

=== Stratified cross-validation ===
=== Summary ===

Correctly Classified Instances         350               87.5    %
Incorrectly Classified Instances        50               12.5    %
Kappa statistic                          0.8718
Mean absolute error                      0.0137
Root mean squared error                  0.0719
Relative absolute error                 28.0649 %
Root relative squared error             46.05   %
Total Number of Instances              400     

=== Detailed Accuracy By Class ===

                 TP Rate  FP Rate  Precision  Recall   F-Measure  MCC      ROC Area  PRC Area  Class
                 0.700    0.005    0.778      0.700    0.737      0.732    0.997     0.870     0
                 1.000    0.005    0.833      1.000    0.909      0.911    1.000     1.000     1
                 1.000    0.008    0.769      1.000    0.870      0.874    0.999     0.959     2
                 1.000    0.003    0.909      1.000    0.952      0.952    1.000     1.000     3
                 0.900    0.018    0.563      0.900    0.692      0.703    0.995     0.862     4
                 1.000    0.000    1.000      1.000    1.000      1.000    1.000     1.000     5
                 1.000    0.013    0.667      1.000    0.800      0.811    1.000     1.000     6
                 1.000    0.000    1.000      1.000    1.000      1.000    1.000     1.000     7
                 1.000    0.000    1.000      1.000    1.000      1.000    1.000     1.000     8
                 0.800    0.000    1.000      0.800    0.889      0.892    0.950     0.903     9
                 0.900    0.000    1.000      0.900    0.947      0.947    1.000     1.000     10
                 1.000    0.000    1.000      1.000    1.000      1.000    1.000     1.000     11
                 0.900    0.000    1.000      0.900    0.947      0.947    1.000     1.000     12
                 1.000    0.000    1.000      1.000    1.000      1.000    1.000     1.000     13
                 1.000    0.013    0.667      1.000    0.800      0.811    0.999     0.909     14
                 0.700    0.003    0.875      0.700    0.778      0.778    0.999     0.917     15
                 0.800    0.008    0.727      0.800    0.762      0.756    0.995     0.794     16
                 1.000    0.010    0.714      1.000    0.833      0.841    1.000     0.983     17
                 0.900    0.005    0.818      0.900    0.857      0.854    0.995     0.926     18
                 0.800    0.000    1.000      0.800    0.889      0.892    1.000     1.000     19
                 1.000    0.005    0.833      1.000    0.909      0.911    1.000     1.000     20
                 1.000    0.000    1.000      1.000    1.000      1.000    1.000     1.000     21
                 0.900    0.000    1.000      0.900    0.947      0.947    0.999     0.967     22
                 1.000    0.000    1.000      1.000    1.000      1.000    1.000     1.000     23
                 0.800    0.010    0.667      0.800    0.727      0.723    0.997     0.910     24
                 1.000    0.000    1.000      1.000    1.000      1.000    1.000     1.000     25
                 1.000    0.000    1.000      1.000    1.000      1.000    1.000     1.000     26
                 0.400    0.000    1.000      0.400    0.571      0.628    0.943     0.628     27
                 1.000    0.003    0.909      1.000    0.952      0.952    1.000     0.991     28
                 1.000    0.003    0.909      1.000    0.952      0.952    1.000     1.000     29
                 0.800    0.000    1.000      0.800    0.889      0.892    1.000     1.000     30
                 0.900    0.000    1.000      0.900    0.947      0.947    1.000     1.000     31
                 0.900    0.000    1.000      0.900    0.947      0.947    1.000     1.000     32
                 1.000    0.000    1.000      1.000    1.000      1.000    1.000     1.000     33
                 0.300    0.000    1.000      0.300    0.462      0.543    0.999     0.930     34
                 0.300    0.000    1.000      0.300    0.462      0.543    0.999     0.917     35
                 1.000    0.010    0.714      1.000    0.833      0.841    0.994     0.714     36
                 1.000    0.005    0.833      1.000    0.909      0.911    1.000     0.982     37
                 1.000    0.000    1.000      1.000    1.000      1.000    1.000     1.000     38
                 0.300    0.003    0.750      0.300    0.429      0.467    0.991     0.682     39
Weighted Avg.    0.875    0.003    0.898      0.875    0.865      0.873    0.996     0.946     

=== Confusion Matrix ===

  a  b  c  d  e  f  g  h  i  j  k  l  m  n  o  p  q  r  s  t  u  v  w  x  y  z aa ab ac ad ae af ag ah ai aj ak al am an   <-- classified as
  7  1  0  0  0  0  0  0  0  0  0  0  0  0  0  1  1  0  0  0  0  0  0  0  0  0  0  0  0  0  0  0  0  0  0  0  0  0  0  0 |  a = 0
  0 10  0  0  0  0  0  0  0  0  0  0  0  0  0  0  0  0  0  0  0  0  0  0  0  0  0  0  0  0  0  0  0  0  0  0  0  0  0  0 |  b = 1
  0  0 10  0  0  0  0  0  0  0  0  0  0  0  0  0  0  0  0  0  0  0  0  0  0  0  0  0  0  0  0  0  0  0  0  0  0  0  0  0 |  c = 2
  0  0  0 10  0  0  0  0  0  0  0  0  0  0  0  0  0  0  0  0  0  0  0  0  0  0  0  0  0  0  0  0  0  0  0  0  0  0  0  0 |  d = 3
  0  0  0  0  9  0  0  0  0  0  0  0  0  0  0  0  0  1  0  0  0  0  0  0  0  0  0  0  0  0  0  0  0  0  0  0  0  0  0  0 |  e = 4
  0  0  0  0  0 10  0  0  0  0  0  0  0  0  0  0  0  0  0  0  0  0  0  0  0  0  0  0  0  0  0  0  0  0  0  0  0  0  0  0 |  f = 5
  0  0  0  0  0  0 10  0  0  0  0  0  0  0  0  0  0  0  0  0  0  0  0  0  0  0  0  0  0  0  0  0  0  0  0  0  0  0  0  0 |  g = 6
  0  0  0  0  0  0  0 10  0  0  0  0  0  0  0  0  0  0  0  0  0  0  0  0  0  0  0  0  0  0  0  0  0  0  0  0  0  0  0  0 |  h = 7
  0  0  0  0  0  0  0  0 10  0  0  0  0  0  0  0  0  0  0  0  0  0  0  0  0  0  0  0  0  0  0  0  0  0  0  0  0  0  0  0 |  i = 8
  0  0  1  0  0  0  0  0  0  8  0  0  0  0  0  0  0  0  0  0  0  0  0  0  0  0  0  0  0  0  0  0  0  0  0  0  0  1  0  0 |  j = 9
  0  0  0  0  0  0  0  0  0  0  9  0  0  0  0  0  0  0  1  0  0  0  0  0  0  0  0  0  0  0  0  0  0  0  0  0  0  0  0  0 |  k = 10
  0  0  0  0  0  0  0  0  0  0  0 10  0  0  0  0  0  0  0  0  0  0  0  0  0  0  0  0  0  0  0  0  0  0  0  0  0  0  0  0 |  l = 11
  0  0  0  0  0  0  0  0  0  0  0  0  9  0  0  0  0  1  0  0  0  0  0  0  0  0  0  0  0  0  0  0  0  0  0  0  0  0  0  0 |  m = 12
  0  0  0  0  0  0  0  0  0  0  0  0  0 10  0  0  0  0  0  0  0  0  0  0  0  0  0  0  0  0  0  0  0  0  0  0  0  0  0  0 |  n = 13
  0  0  0  0  0  0  0  0  0  0  0  0  0  0 10  0  0  0  0  0  0  0  0  0  0  0  0  0  0  0  0  0  0  0  0  0  0  0  0  0 |  o = 14
  2  0  0  0  0  0  0  0  0  0  0  0  0  0  1  7  0  0  0  0  0  0  0  0  0  0  0  0  0  0  0  0  0  0  0  0  0  0  0  0 |  p = 15
  0  0  2  0  0  0  0  0  0  0  0  0  0  0  0  0  8  0  0  0  0  0  0  0  0  0  0  0  0  0  0  0  0  0  0  0  0  0  0  0 |  q = 16
  0  0  0  0  0  0  0  0  0  0  0  0  0  0  0  0  0 10  0  0  0  0  0  0  0  0  0  0  0  0  0  0  0  0  0  0  0  0  0  0 |  r = 17
  0  0  0  0  0  0  0  0  0  0  0  0  0  0  1  0  0  0  9  0  0  0  0  0  0  0  0  0  0  0  0  0  0  0  0  0  0  0  0  0 |  s = 18
  0  0  0  1  0  0  0  0  0  0  0  0  0  0  0  0  0  0  0  8  0  0  0  0  0  0  0  0  1  0  0  0  0  0  0  0  0  0  0  0 |  t = 19
  0  0  0  0  0  0  0  0  0  0  0  0  0  0  0  0  0  0  0  0 10  0  0  0  0  0  0  0  0  0  0  0  0  0  0  0  0  0  0  0 |  u = 20
  0  0  0  0  0  0  0  0  0  0  0  0  0  0  0  0  0  0  0  0  0 10  0  0  0  0  0  0  0  0  0  0  0  0  0  0  0  0  0  0 |  v = 21
  0  0  0  0  0  0  0  0  0  0  0  0  0  0  0  0  0  0  0  0  0  0  9  0  0  0  0  0  0  0  0  0  0  0  0  0  0  1  0  0 |  w = 22
  0  0  0  0  0  0  0  0  0  0  0  0  0  0  0  0  0  0  0  0  0  0  0 10  0  0  0  0  0  0  0  0  0  0  0  0  0  0  0  0 |  x = 23
  0  0  0  0  2  0  0  0  0  0  0  0  0  0  0  0  0  0  0  0  0  0  0  0  8  0  0  0  0  0  0  0  0  0  0  0  0  0  0  0 |  y = 24
  0  0  0  0  0  0  0  0  0  0  0  0  0  0  0  0  0  0  0  0  0  0  0  0  0 10  0  0  0  0  0  0  0  0  0  0  0  0  0  0 |  z = 25
  0  0  0  0  0  0  0  0  0  0  0  0  0  0  0  0  0  0  0  0  0  0  0  0  0  0 10  0  0  0  0  0  0  0  0  0  0  0  0  0 | aa = 26
  0  0  0  0  0  0  0  0  0  0  0  0  0  0  1  0  0  0  1  0  0  0  0  0  0  0  0  4  0  0  0  0  0  0  0  0  4  0  0  0 | ab = 27
  0  0  0  0  0  0  0  0  0  0  0  0  0  0  0  0  0  0  0  0  0  0  0  0  0  0  0  0 10  0  0  0  0  0  0  0  0  0  0  0 | ac = 28
  0  0  0  0  0  0  0  0  0  0  0  0  0  0  0  0  0  0  0  0  0  0  0  0  0  0  0  0  0 10  0  0  0  0  0  0  0  0  0  0 | ad = 29
  0  0  0  0  0  0  0  0  0  0  0  0  0  0  0  0  0  0  0  0  1  0  0  0  0  0  0  0  0  1  8  0  0  0  0  0  0  0  0  0 | ae = 30
  0  1  0  0  0  0  0  0  0  0  0  0  0  0  0  0  0  0  0  0  0  0  0  0  0  0  0  0  0  0  0  9  0  0  0  0  0  0  0  0 | af = 31
  0  0  0  0  0  0  0  0  0  0  0  0  0  0  0  0  0  0  0  0  1  0  0  0  0  0  0  0  0  0  0  0  9  0  0  0  0  0  0  0 | ag = 32
  0  0  0  0  0  0  0  0  0  0  0  0  0  0  0  0  0  0  0  0  0  0  0  0  0  0  0  0  0  0  0  0  0 10  0  0  0  0  0  0 | ah = 33
  0  0  0  0  0  0  0  0  0  0  0  0  0  0  2  0  0  0  0  0  0  0  0  0  4  0  0  0  0  0  0  0  0  0  3  0  0  0  0  1 | ai = 34
  0  0  0  0  0  0  5  0  0  0  0  0  0  0  0  0  2  0  0  0  0  0  0  0  0  0  0  0  0  0  0  0  0  0  0  3  0  0  0  0 | aj = 35
  0  0  0  0  0  0  0  0  0  0  0  0  0  0  0  0  0  0  0  0  0  0  0  0  0  0  0  0  0  0  0  0  0  0  0  0 10  0  0  0 | ak = 36
  0  0  0  0  0  0  0  0  0  0  0  0  0  0  0  0  0  0  0  0  0  0  0  0  0  0  0  0  0  0  0  0  0  0  0  0  0 10  0  0 | al = 37
  0  0  0  0  0  0  0  0  0  0  0  0  0  0  0  0  0  0  0  0  0  0  0  0  0  0  0  0  0  0  0  0  0  0  0  0  0  0 10  0 | am = 38
  0  0  0  0  5  0  0  0  0  0  0  0  0  0  0  0  0  2  0  0  0  0  0  0  0  0  0  0  0  0  0  0  0  0  0  0  0  0  0  3 | an = 39

