=== Run information ===

Scheme:       weka.classifiers.lazy.IBk -K 5 -W 0 -A "weka.core.neighboursearch.LinearNNSearch -A \"weka.core.EuclideanDistance -R first-last\""
Relation:     orl
Instances:    400
Attributes:   10305
              [list of attributes omitted]
Test mode:    10-fold cross-validation

=== Classifier model (full training set) ===

IB1 instance-based classifier
using 5 nearest neighbour(s) for classification


Time taken to build model: 0 seconds

=== Predictions on test data ===

    inst#     actual  predicted error prediction
        1      15:14      15:14       0.783 
        2      38:37      38:37       0.979 
        3      12:11      12:11       0.979 
        4      19:18      19:18       0.979 
        5       10:9        8:7   +   0.392 
        6        3:2        3:2       0.979 
        7      13:12      13:12       0.979 
        8      29:28      29:28       0.783 
        9      35:34      35:34       0.588 
       10      36:35      36:35       0.588 
       11      27:26      27:26       0.588 
       12      33:32      21:20   +   0.392 
       13        7:6        7:6       0.979 
       14      37:36      37:36       0.783 
       15        1:0        1:0       0.392 
       16        8:7        8:7       0.979 
       17        2:1        2:1       0.979 
       18      21:20      21:20       0.979 
       19      20:19        3:2   +   0.392 
       20      18:17      18:17       0.979 
       21      25:24      25:24       0.979 
       22      17:16      17:16       0.783 
       23      32:31      32:31       0.783 
       24      11:10      11:10       0.979 
       25      14:13      14:13       0.783 
       26      31:30      31:30       0.783 
       27        9:8        9:8       0.783 
       28      40:39      18:17   +   0.392 
       29      22:21      22:21       0.979 
       30      24:23      24:23       0.979 
       31      34:33      34:33       0.979 
       32        5:4        5:4       0.783 
       33      30:29      30:29       0.979 
       34        4:3        4:3       0.783 
       35      26:25      26:25       0.979 
       36      28:27      37:36   +   0.588 
       37      23:22      23:22       0.979 
       38      16:15      16:15       0.783 
       39      39:38      39:38       0.783 
       40        6:5        6:5       0.979 
        1      15:14      15:14       0.783 
        2      38:37      38:37       0.588 
        3      12:11      12:11       0.979 
        4      19:18      15:14   +   0.392 
        5       10:9       10:9       0.979 
        6        3:2        3:2       0.783 
        7      13:12      13:12       0.588 
        8      29:28      29:28       0.979 
        9      35:34        5:4   +   0.392 
       10      36:35      36:35       0.588 
       11      27:26      27:26       0.979 
       12      33:32      33:32       0.979 
       13        7:6        7:6       0.979 
       14      37:36      37:36       0.783 
       15        1:0      16:15   +   0.588 
       16        8:7        8:7       0.979 
       17        2:1        2:1       0.979 
       18      21:20      21:20       0.979 
       19      20:19      20:19       0.392 
       20      18:17      18:17       0.783 
       21      25:24      25:24       0.979 
       22      17:16      17:16       0.979 
       23      32:31      32:31       0.979 
       24      11:10      11:10       0.979 
       25      14:13      14:13       0.979 
       26      31:30      31:30       0.588 
       27        9:8        9:8       0.979 
       28      40:39        5:4   +   0.783 
       29      22:21      22:21       0.979 
       30      24:23      24:23       0.979 
       31      34:33      34:33       0.979 
       32        5:4        5:4       0.979 
       33      30:29      30:29       0.979 
       34        4:3        4:3       0.783 
       35      26:25      26:25       0.783 
       36      28:27      28:27       0.588 
       37      23:22      23:22       0.392 
       38      16:15      16:15       0.588 
       39      39:38      39:38       0.783 
       40        6:5        6:5       0.979 
        1      15:14      15:14       0.783 
        2      38:37      38:37       0.783 
        3      12:11      12:11       0.979 
        4      19:18      19:18       0.979 
        5       10:9       10:9       0.979 
        6        3:2        3:2       0.783 
        7      13:12      13:12       0.979 
        8      29:28      29:28       0.979 
        9      35:34      15:14   +   0.588 
       10      36:35        7:6   +   0.588 
       11      27:26      27:26       0.979 
       12      33:32      33:32       0.979 
       13        7:6        7:6       0.979 
       14      37:36      37:36       0.588 
       15        1:0        1:0       0.979 
       16        8:7        8:7       0.979 
       17        2:1        2:1       0.979 
       18      21:20      21:20       0.979 
       19      20:19      20:19       0.588 
       20      18:17      18:17       0.979 
       21      25:24      25:24       0.979 
       22      17:16      17:16       0.783 
       23      32:31        2:1   +   0.392 
       24      11:10      11:10       0.588 
       25      14:13      14:13       0.979 
       26      31:30      31:30       0.783 
       27        9:8        9:8       0.588 
       28      40:39        5:4   +   0.783 
       29      22:21      22:21       0.979 
       30      24:23      24:23       0.979 
       31      34:33      34:33       0.979 
       32        5:4        5:4       0.979 
       33      30:29      30:29       0.979 
       34        4:3        4:3       0.979 
       35      26:25      26:25       0.979 
       36      28:27      28:27       0.588 
       37      23:22      38:37   +   0.588 
       38      16:15      16:15       0.783 
       39      39:38      22:21   +   0.588 
       40        6:5        6:5       0.979 
        1      15:14      15:14       0.783 
        2      38:37      38:37       0.979 
        3      12:11      12:11       0.979 
        4      19:18      19:18       0.979 
        5       10:9       10:9       0.979 
        6        3:2        3:2       0.783 
        7      13:12      13:12       0.783 
        8      29:28      29:28       0.979 
        9      35:34        5:4   +   0.392 
       10      36:35      36:35       0.588 
       11      27:26      27:26       0.979 
       12      33:32      33:32       0.979 
       13        7:6        7:6       0.979 
       14      37:36      37:36       0.783 
       15        1:0        1:0       0.588 
       16        8:7        8:7       0.979 
       17        2:1        2:1       0.979 
       18      21:20      21:20       0.979 
       19      20:19      29:28   +   0.588 
       20      18:17      18:17       0.979 
       21      25:24        5:4   +   0.392 
       22      17:16      17:16       0.783 
       23      32:31      32:31       0.783 
       24      11:10      11:10       0.783 
       25      14:13      14:13       0.783 
       26      31:30      31:30       0.783 
       27        9:8        9:8       0.979 
       28      40:39      40:39       0.588 
       29      22:21      22:21       0.979 
       30      24:23      24:23       0.979 
       31      34:33      34:33       0.979 
       32        5:4        5:4       0.783 
       33      30:29      30:29       0.979 
       34        4:3        4:3       0.588 
       35      26:25      26:25       0.783 
       36      28:27      37:36   +   0.588 
       37      23:22      23:22       0.588 
       38      16:15        1:0   +   0.588 
       39      39:38      39:38       0.979 
       40        6:5        6:5       0.979 
        1      15:14      15:14       0.783 
        2      38:37      38:37       0.588 
        3      12:11      12:11       0.979 
        4      19:18      19:18       0.979 
        5       10:9       10:9       0.979 
        6        3:2        3:2       0.783 
        7      13:12      13:12       0.979 
        8      29:28      29:28       0.979 
        9      35:34      35:34       0.588 
       10      36:35      36:35       0.588 
       11      27:26      27:26       0.588 
       12      33:32      33:32       0.979 
       13        7:6        7:6       0.979 
       14      37:36      37:36       0.783 
       15        1:0        5:4   +   0.588 
       16        8:7        8:7       0.979 
       17        2:1        2:1       0.979 
       18      21:20      21:20       0.979 
       19      20:19      20:19       0.783 
       20      18:17      18:17       0.783 
       21      25:24      25:24       0.979 
       22      17:16        3:2   +   0.392 
       23      32:31      32:31       0.979 
       24      11:10      11:10       0.783 
       25      14:13      14:13       0.979 
       26      31:30      31:30       0.588 
       27        9:8        9:8       0.979 
       28      40:39      40:39       0.588 
       29      22:21      22:21       0.979 
       30      24:23      24:23       0.979 
       31      34:33      34:33       0.979 
       32        5:4        5:4       0.783 
       33      30:29      30:29       0.979 
       34        4:3        4:3       0.783 
       35      26:25      26:25       0.979 
       36      28:27      19:18   +   0.392 
       37      23:22      23:22       0.979 
       38      16:15      16:15       0.783 
       39      39:38      39:38       0.979 
       40        6:5        6:5       0.979 
        1      15:14      15:14       0.783 
        2      38:37      38:37       0.979 
        3      12:11      12:11       0.979 
        4      19:18      19:18       0.979 
        5       10:9      38:37   +   0.588 
        6        3:2        3:2       0.783 
        7      13:12      13:12       0.979 
        8      29:28      29:28       0.783 
        9      35:34      35:34       0.588 
       10      36:35      36:35       0.588 
       11      27:26      27:26       0.979 
       12      33:32      33:32       0.979 
       13        7:6        7:6       0.979 
       14      37:36      37:36       0.783 
       15        1:0        1:0       0.979 
       16        8:7        8:7       0.979 
       17        2:1        2:1       0.979 
       18      21:20      21:20       0.979 
       19      20:19      20:19       0.588 
       20      18:17      18:17       0.783 
       21      25:24      25:24       0.979 
       22      17:16      17:16       0.979 
       23      32:31      32:31       0.979 
       24      11:10      11:10       0.783 
       25      14:13      14:13       0.979 
       26      31:30      31:30       0.588 
       27        9:8        9:8       0.979 
       28      40:39        5:4   +   0.588 
       29      22:21      22:21       0.979 
       30      24:23      24:23       0.979 
       31      34:33      34:33       0.979 
       32        5:4      18:17   +   0.588 
       33      30:29      30:29       0.783 
       34        4:3        4:3       0.783 
       35      26:25      26:25       0.979 
       36      28:27      37:36   +   0.979 
       37      23:22      23:22       0.979 
       38      16:15      16:15       0.588 
       39      39:38      39:38       0.783 
       40        6:5        6:5       0.979 
        1      15:14      15:14       0.783 
        2      38:37      38:37       0.588 
        3      12:11      12:11       0.979 
        4      19:18      19:18       0.979 
        5       10:9       10:9       0.783 
        6        3:2        3:2       0.979 
        7      13:12      13:12       0.979 
        8      29:28      29:28       0.979 
        9      35:34      35:34       0.588 
       10      36:35      24:23   +   0.588 
       11      27:26      27:26       0.783 
       12      33:32      33:32       0.979 
       13        7:6        7:6       0.979 
       14      37:36      37:36       0.783 
       15        1:0        1:0       0.979 
       16        8:7        8:7       0.979 
       17        2:1        2:1       0.979 
       18      21:20      21:20       0.979 
       19      20:19      29:28   +   0.588 
       20      18:17      18:17       0.979 
       21      25:24      25:24       0.979 
       22      17:16      17:16       0.392 
       23      32:31      32:31       0.979 
       24      11:10      11:10       0.979 
       25      14:13      14:13       0.979 
       26      31:30      31:30       0.588 
       27        9:8        9:8       0.783 
       28      40:39      40:39       0.783 
       29      22:21      22:21       0.979 
       30      24:23      24:23       0.979 
       31      34:33      34:33       0.979 
       32        5:4        5:4       0.783 
       33      30:29      30:29       0.979 
       34        4:3        4:3       0.783 
       35      26:25      26:25       0.979 
       36      28:27      28:27       0.588 
       37      23:22      23:22       0.783 
       38      16:15      16:15       0.783 
       39      39:38      39:38       0.979 
       40        6:5        6:5       0.979 
        1      15:14      15:14       0.783 
        2      38:37      38:37       0.783 
        3      12:11      12:11       0.783 
        4      19:18      19:18       0.979 
        5       10:9       10:9       0.979 
        6        3:2        3:2       0.783 
        7      13:12      13:12       0.979 
        8      29:28      29:28       0.979 
        9      35:34      35:34       0.588 
       10      36:35      36:35       0.588 
       11      27:26      27:26       0.979 
       12      33:32      33:32       0.783 
       13        7:6        7:6       0.979 
       14      37:36      37:36       0.783 
       15        1:0        1:0       0.392 
       16        8:7        8:7       0.979 
       17        2:1        2:1       0.979 
       18      21:20      21:20       0.979 
       19      20:19      20:19       0.588 
       20      18:17      18:17       0.783 
       21      25:24      25:24       0.979 
       22      17:16      17:16       0.783 
       23      32:31      32:31       0.979 
       24      11:10      11:10       0.979 
       25      14:13      14:13       0.979 
       26      31:30      31:30       0.783 
       27        9:8        9:8       0.783 
       28      40:39      40:39       0.783 
       29      22:21      22:21       0.979 
       30      24:23      24:23       0.979 
       31      34:33      34:33       0.979 
       32        5:4        5:4       0.979 
       33      30:29      30:29       0.979 
       34        4:3        4:3       0.979 
       35      26:25      26:25       0.783 
       36      28:27      28:27       0.588 
       37      23:22      23:22       0.783 
       38      16:15      15:14   +   0.588 
       39      39:38      39:38       0.588 
       40        6:5        6:5       0.979 
        1      15:14      15:14       0.783 
        2      38:37      38:37       0.783 
        3      12:11      12:11       0.979 
        4      19:18      19:18       0.979 
        5       10:9       10:9       0.783 
        6        3:2        3:2       0.783 
        7      13:12      13:12       0.979 
        8      29:28      29:28       0.979 
        9      35:34      35:34       0.588 
       10      36:35      36:35       0.979 
       11      27:26      27:26       0.979 
       12      33:32      33:32       0.979 
       13        7:6        7:6       0.979 
       14      37:36      37:36       0.783 
       15        1:0        1:0       0.588 
       16        8:7        8:7       0.979 
       17        2:1        2:1       0.979 
       18      21:20      21:20       0.979 
       19      20:19      20:19       0.588 
       20      18:17      18:17       0.979 
       21      25:24      25:24       0.783 
       22      17:16        3:2   +   0.392 
       23      32:31      32:31       0.979 
       24      11:10      19:18   +   0.588 
       25      14:13      14:13       0.979 
       26      31:30      30:29   +   0.392 
       27        9:8        9:8       0.979 
       28      40:39        5:4   +   0.588 
       29      22:21      22:21       0.979 
       30      24:23      24:23       0.979 
       31      34:33      34:33       0.979 
       32        5:4        5:4       0.783 
       33      30:29      30:29       0.979 
       34        4:3        4:3       0.783 
       35      26:25      26:25       0.979 
       36      28:27      28:27       0.588 
       37      23:22      23:22       0.979 
       38      16:15      16:15       0.392 
       39      39:38      39:38       0.783 
       40        6:5        6:5       0.979 
        1      15:14      15:14       0.783 
        2      38:37      38:37       0.783 
        3      12:11      12:11       0.979 
        4      19:18      19:18       0.979 
        5       10:9       10:9       0.979 
        6        3:2        5:4   +   0.392 
        7      13:12      13:12       0.979 
        8      29:28      29:28       0.979 
        9      35:34      35:34       0.588 
       10      36:35        7:6   +   0.588 
       11      27:26      27:26       0.979 
       12      33:32      33:32       0.783 
       13        7:6        7:6       0.979 
       14      37:36      37:36       0.783 
       15        1:0        1:0       0.979 
       16        8:7        8:7       0.979 
       17        2:1        2:1       0.979 
       18      21:20      21:20       0.979 
       19      20:19      20:19       0.588 
       20      18:17      18:17       0.979 
       21      25:24        5:4   +   0.588 
       22      17:16      17:16       0.392 
       23      32:31      32:31       0.979 
       24      11:10      11:10       0.588 
       25      14:13      14:13       0.979 
       26      31:30      31:30       0.783 
       27        9:8        9:8       0.979 
       28      40:39      18:17   +   0.392 
       29      22:21      22:21       0.979 
       30      24:23      24:23       0.979 
       31      34:33      34:33       0.979 
       32        5:4        5:4       0.783 
       33      30:29      30:29       0.979 
       34        4:3        3:2   +   0.392 
       35      26:25      26:25       0.979 
       36      28:27      28:27       0.588 
       37      23:22      23:22       0.783 
       38      16:15      16:15       0.783 
       39      39:38      39:38       0.783 
       40        6:5        6:5       0.979 

=== Stratified cross-validation ===
=== Summary ===

Correctly Classified Instances         361               90.25   %
Incorrectly Classified Instances        39                9.75   %
Kappa statistic                          0.9   
Mean absolute error                      0.0093
Root mean squared error                  0.0592
Relative absolute error                 19.1304 %
Root relative squared error             37.9063 %
Total Number of Instances              400     

=== Detailed Accuracy By Class ===

                 TP Rate  FP Rate  Precision  Recall   F-Measure  MCC      ROC Area  PRC Area  Class
                 0.800    0.003    0.889      0.800    0.842      0.839    0.998     0.905     0
                 1.000    0.003    0.909      1.000    0.952      0.952    1.000     1.000     1
                 0.900    0.010    0.692      0.900    0.783      0.783    0.998     0.948     2
                 0.900    0.000    1.000      0.900    0.947      0.947    1.000     1.000     3
                 0.900    0.026    0.474      0.900    0.621      0.642    0.994     0.821     4
                 1.000    0.000    1.000      1.000    1.000      1.000    1.000     1.000     5
                 1.000    0.005    0.833      1.000    0.909      0.911    1.000     1.000     6
                 1.000    0.003    0.909      1.000    0.952      0.952    1.000     1.000     7
                 1.000    0.000    1.000      1.000    1.000      1.000    1.000     1.000     8
                 0.800    0.000    1.000      0.800    0.889      0.892    0.950     0.903     9
                 0.900    0.000    1.000      0.900    0.947      0.947    1.000     1.000     10
                 1.000    0.000    1.000      1.000    1.000      1.000    1.000     1.000     11
                 1.000    0.000    1.000      1.000    1.000      1.000    1.000     1.000     12
                 1.000    0.000    1.000      1.000    1.000      1.000    1.000     1.000     13
                 1.000    0.008    0.769      1.000    0.870      0.874    1.000     1.000     14
                 0.800    0.003    0.889      0.800    0.842      0.839    0.999     0.948     15
                 0.800    0.000    1.000      0.800    0.889      0.892    0.998     0.886     16
                 1.000    0.008    0.769      1.000    0.870      0.874    1.000     1.000     17
                 0.900    0.005    0.818      0.900    0.857      0.854    0.998     0.943     18
                 0.700    0.000    1.000      0.700    0.824      0.833    1.000     1.000     19
                 1.000    0.003    0.909      1.000    0.952      0.952    1.000     1.000     20
                 1.000    0.003    0.909      1.000    0.952      0.952    1.000     1.000     21
                 0.900    0.000    1.000      0.900    0.947      0.947    0.999     0.967     22
                 1.000    0.003    0.909      1.000    0.952      0.952    1.000     1.000     23
                 0.800    0.000    1.000      0.800    0.889      0.892    0.998     0.925     24
                 1.000    0.000    1.000      1.000    1.000      1.000    1.000     1.000     25
                 1.000    0.000    1.000      1.000    1.000      1.000    1.000     1.000     26
                 0.600    0.000    1.000      0.600    0.750      0.771    0.948     0.873     27
                 1.000    0.005    0.833      1.000    0.909      0.911    1.000     1.000     28
                 1.000    0.003    0.909      1.000    0.952      0.952    1.000     1.000     29
                 0.900    0.000    1.000      0.900    0.947      0.947    1.000     1.000     30
                 0.900    0.000    1.000      0.900    0.947      0.947    1.000     1.000     31
                 0.900    0.000    1.000      0.900    0.947      0.947    1.000     1.000     32
                 1.000    0.000    1.000      1.000    1.000      1.000    1.000     1.000     33
                 0.700    0.000    1.000      0.700    0.824      0.833    1.000     0.991     34
                 0.700    0.000    1.000      0.700    0.824      0.833    1.000     1.000     35
                 1.000    0.008    0.769      1.000    0.870      0.874    0.997     0.887     36
                 1.000    0.005    0.833      1.000    0.909      0.911    0.999     0.950     37
                 0.900    0.000    1.000      0.900    0.947      0.947    1.000     1.000     38
                 0.400    0.000    1.000      0.400    0.571      0.628    0.995     0.836     39
Weighted Avg.    0.903    0.003    0.926      0.903    0.902      0.906    0.997     0.970     

=== Confusion Matrix ===

  a  b  c  d  e  f  g  h  i  j  k  l  m  n  o  p  q  r  s  t  u  v  w  x  y  z aa ab ac ad ae af ag ah ai aj ak al am an   <-- classified as
  8  0  0  0  1  0  0  0  0  0  0  0  0  0  0  1  0  0  0  0  0  0  0  0  0  0  0  0  0  0  0  0  0  0  0  0  0  0  0  0 |  a = 0
  0 10  0  0  0  0  0  0  0  0  0  0  0  0  0  0  0  0  0  0  0  0  0  0  0  0  0  0  0  0  0  0  0  0  0  0  0  0  0  0 |  b = 1
  0  0  9  0  1  0  0  0  0  0  0  0  0  0  0  0  0  0  0  0  0  0  0  0  0  0  0  0  0  0  0  0  0  0  0  0  0  0  0  0 |  c = 2
  0  0  1  9  0  0  0  0  0  0  0  0  0  0  0  0  0  0  0  0  0  0  0  0  0  0  0  0  0  0  0  0  0  0  0  0  0  0  0  0 |  d = 3
  0  0  0  0  9  0  0  0  0  0  0  0  0  0  0  0  0  1  0  0  0  0  0  0  0  0  0  0  0  0  0  0  0  0  0  0  0  0  0  0 |  e = 4
  0  0  0  0  0 10  0  0  0  0  0  0  0  0  0  0  0  0  0  0  0  0  0  0  0  0  0  0  0  0  0  0  0  0  0  0  0  0  0  0 |  f = 5
  0  0  0  0  0  0 10  0  0  0  0  0  0  0  0  0  0  0  0  0  0  0  0  0  0  0  0  0  0  0  0  0  0  0  0  0  0  0  0  0 |  g = 6
  0  0  0  0  0  0  0 10  0  0  0  0  0  0  0  0  0  0  0  0  0  0  0  0  0  0  0  0  0  0  0  0  0  0  0  0  0  0  0  0 |  h = 7
  0  0  0  0  0  0  0  0 10  0  0  0  0  0  0  0  0  0  0  0  0  0  0  0  0  0  0  0  0  0  0  0  0  0  0  0  0  0  0  0 |  i = 8
  0  0  0  0  0  0  0  1  0  8  0  0  0  0  0  0  0  0  0  0  0  0  0  0  0  0  0  0  0  0  0  0  0  0  0  0  0  1  0  0 |  j = 9
  0  0  0  0  0  0  0  0  0  0  9  0  0  0  0  0  0  0  1  0  0  0  0  0  0  0  0  0  0  0  0  0  0  0  0  0  0  0  0  0 |  k = 10
  0  0  0  0  0  0  0  0  0  0  0 10  0  0  0  0  0  0  0  0  0  0  0  0  0  0  0  0  0  0  0  0  0  0  0  0  0  0  0  0 |  l = 11
  0  0  0  0  0  0  0  0  0  0  0  0 10  0  0  0  0  0  0  0  0  0  0  0  0  0  0  0  0  0  0  0  0  0  0  0  0  0  0  0 |  m = 12
  0  0  0  0  0  0  0  0  0  0  0  0  0 10  0  0  0  0  0  0  0  0  0  0  0  0  0  0  0  0  0  0  0  0  0  0  0  0  0  0 |  n = 13
  0  0  0  0  0  0  0  0  0  0  0  0  0  0 10  0  0  0  0  0  0  0  0  0  0  0  0  0  0  0  0  0  0  0  0  0  0  0  0  0 |  o = 14
  1  0  0  0  0  0  0  0  0  0  0  0  0  0  1  8  0  0  0  0  0  0  0  0  0  0  0  0  0  0  0  0  0  0  0  0  0  0  0  0 |  p = 15
  0  0  2  0  0  0  0  0  0  0  0  0  0  0  0  0  8  0  0  0  0  0  0  0  0  0  0  0  0  0  0  0  0  0  0  0  0  0  0  0 |  q = 16
  0  0  0  0  0  0  0  0  0  0  0  0  0  0  0  0  0 10  0  0  0  0  0  0  0  0  0  0  0  0  0  0  0  0  0  0  0  0  0  0 |  r = 17
  0  0  0  0  0  0  0  0  0  0  0  0  0  0  1  0  0  0  9  0  0  0  0  0  0  0  0  0  0  0  0  0  0  0  0  0  0  0  0  0 |  s = 18
  0  0  1  0  0  0  0  0  0  0  0  0  0  0  0  0  0  0  0  7  0  0  0  0  0  0  0  0  2  0  0  0  0  0  0  0  0  0  0  0 |  t = 19
  0  0  0  0  0  0  0  0  0  0  0  0  0  0  0  0  0  0  0  0 10  0  0  0  0  0  0  0  0  0  0  0  0  0  0  0  0  0  0  0 |  u = 20
  0  0  0  0  0  0  0  0  0  0  0  0  0  0  0  0  0  0  0  0  0 10  0  0  0  0  0  0  0  0  0  0  0  0  0  0  0  0  0  0 |  v = 21
  0  0  0  0  0  0  0  0  0  0  0  0  0  0  0  0  0  0  0  0  0  0  9  0  0  0  0  0  0  0  0  0  0  0  0  0  0  1  0  0 |  w = 22
  0  0  0  0  0  0  0  0  0  0  0  0  0  0  0  0  0  0  0  0  0  0  0 10  0  0  0  0  0  0  0  0  0  0  0  0  0  0  0  0 |  x = 23
  0  0  0  0  2  0  0  0  0  0  0  0  0  0  0  0  0  0  0  0  0  0  0  0  8  0  0  0  0  0  0  0  0  0  0  0  0  0  0  0 |  y = 24
  0  0  0  0  0  0  0  0  0  0  0  0  0  0  0  0  0  0  0  0  0  0  0  0  0 10  0  0  0  0  0  0  0  0  0  0  0  0  0  0 |  z = 25
  0  0  0  0  0  0  0  0  0  0  0  0  0  0  0  0  0  0  0  0  0  0  0  0  0  0 10  0  0  0  0  0  0  0  0  0  0  0  0  0 | aa = 26
  0  0  0  0  0  0  0  0  0  0  0  0  0  0  0  0  0  0  1  0  0  0  0  0  0  0  0  6  0  0  0  0  0  0  0  0  3  0  0  0 | ab = 27
  0  0  0  0  0  0  0  0  0  0  0  0  0  0  0  0  0  0  0  0  0  0  0  0  0  0  0  0 10  0  0  0  0  0  0  0  0  0  0  0 | ac = 28
  0  0  0  0  0  0  0  0  0  0  0  0  0  0  0  0  0  0  0  0  0  0  0  0  0  0  0  0  0 10  0  0  0  0  0  0  0  0  0  0 | ad = 29
  0  0  0  0  0  0  0  0  0  0  0  0  0  0  0  0  0  0  0  0  0  0  0  0  0  0  0  0  0  1  9  0  0  0  0  0  0  0  0  0 | ae = 30
  0  1  0  0  0  0  0  0  0  0  0  0  0  0  0  0  0  0  0  0  0  0  0  0  0  0  0  0  0  0  0  9  0  0  0  0  0  0  0  0 | af = 31
  0  0  0  0  0  0  0  0  0  0  0  0  0  0  0  0  0  0  0  0  1  0  0  0  0  0  0  0  0  0  0  0  9  0  0  0  0  0  0  0 | ag = 32
  0  0  0  0  0  0  0  0  0  0  0  0  0  0  0  0  0  0  0  0  0  0  0  0  0  0  0  0  0  0  0  0  0 10  0  0  0  0  0  0 | ah = 33
  0  0  0  0  2  0  0  0  0  0  0  0  0  0  1  0  0  0  0  0  0  0  0  0  0  0  0  0  0  0  0  0  0  0  7  0  0  0  0  0 | ai = 34
  0  0  0  0  0  0  2  0  0  0  0  0  0  0  0  0  0  0  0  0  0  0  0  1  0  0  0  0  0  0  0  0  0  0  0  7  0  0  0  0 | aj = 35
  0  0  0  0  0  0  0  0  0  0  0  0  0  0  0  0  0  0  0  0  0  0  0  0  0  0  0  0  0  0  0  0  0  0  0  0 10  0  0  0 | ak = 36
  0  0  0  0  0  0  0  0  0  0  0  0  0  0  0  0  0  0  0  0  0  0  0  0  0  0  0  0  0  0  0  0  0  0  0  0  0 10  0  0 | al = 37
  0  0  0  0  0  0  0  0  0  0  0  0  0  0  0  0  0  0  0  0  0  1  0  0  0  0  0  0  0  0  0  0  0  0  0  0  0  0  9  0 | am = 38
  0  0  0  0  4  0  0  0  0  0  0  0  0  0  0  0  0  2  0  0  0  0  0  0  0  0  0  0  0  0  0  0  0  0  0  0  0  0  0  4 | an = 39

