=== Run information ===

Scheme:       weka.classifiers.lazy.IBk -K 11 -W 0 -A "weka.core.neighboursearch.LinearNNSearch -A \"weka.core.EuclideanDistance -R first-last\""
Relation:     orl
Instances:    400
Attributes:   10305
              [list of attributes omitted]
Test mode:    10-fold cross-validation

=== Classifier model (full training set) ===

IB1 instance-based classifier
using 11 nearest neighbour(s) for classification


Time taken to build model: 0 seconds

=== Predictions on test data ===

    inst#     actual  predicted error prediction
        1      15:14        5:4   +   0.36 
        2      38:37      38:37       0.63 
        3      12:11      12:11       0.72 
        4      19:18      19:18       0.81 
        5       10:9        3:2   +   0.27 
        6        3:2        3:2       0.63 
        7      13:12      13:12       0.81 
        8      29:28      29:28       0.81 
        9      35:34      25:24   +   0.54 
       10      36:35        7:6   +   0.45 
       11      27:26      27:26       0.36 
       12      33:32      21:20   +   0.63 
       13        7:6        7:6       0.72 
       14      37:36      14:13   +   0.36 
       15        1:0        2:1   +   0.54 
       16        8:7        8:7       0.81 
       17        2:1        2:1       0.72 
       18      21:20      21:20       0.72 
       19      20:19      20:19       0.36 
       20      18:17      18:17       0.63 
       21      25:24      25:24       0.54 
       22      17:16      17:16       0.36 
       23      32:31      32:31       0.36 
       24      11:10      11:10       0.63 
       25      14:13      14:13       0.63 
       26      31:30      34:33   +   0.63 
       27        9:8        9:8       0.45 
       28      40:39      18:17   +   0.45 
       29      22:21      22:21       0.81 
       30      24:23      24:23       0.72 
       31      34:33      34:33       0.81 
       32        5:4        5:4       0.54 
       33      30:29      30:29       0.72 
       34        4:3        4:3       0.54 
       35      26:25      26:25       0.81 
       36      28:27      37:36   +   0.45 
       37      23:22      23:22       0.45 
       38      16:15      16:15       0.45 
       39      39:38      39:38       0.63 
       40        6:5        6:5       0.81 
        1      15:14      15:14       0.54 
        2      38:37      38:37       0.45 
        3      12:11      12:11       0.54 
        4      19:18      15:14   +   0.36 
        5       10:9       10:9       0.63 
        6        3:2        3:2       0.54 
        7      13:12      13:12       0.54 
        8      29:28      29:28       0.63 
        9      35:34        5:4   +   0.36 
       10      36:35        7:6   +   0.45 
       11      27:26      27:26       0.72 
       12      33:32      33:32       0.54 
       13        7:6        7:6       0.81 
       14      37:36      37:36       0.36 
       15        1:0      16:15   +   0.54 
       16        8:7        8:7       0.81 
       17        2:1        2:1       0.72 
       18      21:20      21:20       0.63 
       19      20:19      20:19       0.27 
       20      18:17        5:4   +   0.45 
       21      25:24      25:24       0.54 
       22      17:16      17:16       0.54 
       23      32:31      32:31       0.72 
       24      11:10      11:10       0.72 
       25      14:13      14:13       0.72 
       26      31:30      30:29   +   0.36 
       27        9:8        9:8       0.72 
       28      40:39        5:4   +   0.63 
       29      22:21      22:21       0.81 
       30      24:23      24:23       0.81 
       31      34:33      34:33       0.81 
       32        5:4        5:4       0.63 
       33      30:29      30:29       0.81 
       34        4:3        4:3       0.63 
       35      26:25      26:25       0.54 
       36      28:27      15:14   +   0.36 
       37      23:22      23:22       0.36 
       38      16:15      16:15       0.36 
       39      39:38      39:38       0.63 
       40        6:5        6:5       0.81 
        1      15:14      15:14       0.36 
        2      38:37      38:37       0.72 
        3      12:11      12:11       0.72 
        4      19:18      19:18       0.72 
        5       10:9       10:9       0.72 
        6        3:2        3:2       0.36 
        7      13:12      13:12       0.63 
        8      29:28      29:28       0.54 
        9      35:34      15:14   +   0.36 
       10      36:35        7:6   +   0.72 
       11      27:26      27:26       0.45 
       12      33:32      33:32       0.63 
       13        7:6        7:6       0.72 
       14      37:36      28:27   +   0.36 
       15        1:0        1:0       0.54 
       16        8:7        8:7       0.81 
       17        2:1        2:1       0.81 
       18      21:20      21:20       0.81 
       19      20:19      30:29   +   0.45 
       20      18:17      18:17       0.54 
       21      25:24      25:24       0.54 
       22      17:16      17:16       0.45 
       23      32:31        2:1   +   0.36 
       24      11:10      11:10       0.36 
       25      14:13      14:13       0.63 
       26      31:30      34:33   +   0.63 
       27        9:8        9:8       0.45 
       28      40:39        5:4   +   0.45 
       29      22:21      22:21       0.81 
       30      24:23      24:23       0.81 
       31      34:33      34:33       0.81 
       32        5:4        5:4       0.72 
       33      30:29      30:29       0.81 
       34        4:3        4:3       0.54 
       35      26:25      26:25       0.72 
       36      28:27      15:14   +   0.36 
       37      23:22      38:37   +   0.54 
       38      16:15      16:15       0.45 
       39      39:38      39:38       0.54 
       40        6:5        6:5       0.81 
        1      15:14        2:1   +   0.45 
        2      38:37      38:37       0.72 
        3      12:11      12:11       0.63 
        4      19:18      19:18       0.63 
        5       10:9       10:9       0.63 
        6        3:2        3:2       0.54 
        7      13:12      13:12       0.63 
        8      29:28      29:28       0.45 
        9      35:34        5:4   +   0.45 
       10      36:35      17:16   +   0.45 
       11      27:26      27:26       0.72 
       12      33:32      33:32       0.54 
       13        7:6        7:6       0.81 
       14      37:36      26:25   +   0.36 
       15        1:0      18:17   +   0.45 
       16        8:7        8:7       0.81 
       17        2:1        2:1       0.81 
       18      21:20      21:20       0.81 
       19      20:19      20:19       0.54 
       20      18:17      18:17       0.72 
       21      25:24      25:24       0.45 
       22      17:16      17:16       0.45 
       23      32:31      32:31       0.54 
       24      11:10      11:10       0.54 
       25      14:13      14:13       0.36 
       26      31:30      31:30       0.36 
       27        9:8        9:8       0.72 
       28      40:39      40:39       0.45 
       29      22:21      22:21       0.81 
       30      24:23      24:23       0.81 
       31      34:33      34:33       0.72 
       32        5:4        5:4       0.72 
       33      30:29      30:29       0.63 
       34        4:3        4:3       0.45 
       35      26:25        5:4   +   0.45 
       36      28:27      37:36   +   0.36 
       37      23:22      23:22       0.45 
       38      16:15      16:15       0.36 
       39      39:38      39:38       0.45 
       40        6:5        6:5       0.81 
        1      15:14      15:14       0.36 
        2      38:37      38:37       0.63 
        3      12:11      12:11       0.63 
        4      19:18      19:18       0.72 
        5       10:9       10:9       0.54 
        6        3:2        3:2       0.63 
        7      13:12      13:12       0.81 
        8      29:28      29:28       0.81 
        9      35:34      25:24   +   0.36 
       10      36:35      17:16   +   0.36 
       11      27:26      27:26       0.36 
       12      33:32      33:32       0.63 
       13        7:6        7:6       0.72 
       14      37:36      28:27   +   0.36 
       15        1:0        1:0       0.36 
       16        8:7        8:7       0.81 
       17        2:1        2:1       0.81 
       18      21:20      21:20       0.81 
       19      20:19      20:19       0.45 
       20      18:17      18:17       0.54 
       21      25:24      25:24       0.63 
       22      17:16        9:8   +   0.27 
       23      32:31      32:31       0.72 
       24      11:10      11:10       0.45 
       25      14:13      14:13       0.63 
       26      31:30      30:29   +   0.45 
       27        9:8        9:8       0.63 
       28      40:39      18:17   +   0.36 
       29      22:21      22:21       0.81 
       30      24:23      24:23       0.72 
       31      34:33      34:33       0.81 
       32        5:4        5:4       0.54 
       33      30:29      30:29       0.81 
       34        4:3        4:3       0.63 
       35      26:25      26:25       0.81 
       36      28:27      19:18   +   0.45 
       37      23:22      23:22       0.63 
       38      16:15      16:15       0.45 
       39      39:38      39:38       0.72 
       40        6:5        6:5       0.81 
        1      15:14        2:1   +   0.36 
        2      38:37      38:37       0.72 
        3      12:11      12:11       0.54 
        4      19:18      19:18       0.72 
        5       10:9       10:9       0.36 
        6        3:2        3:2       0.63 
        7      13:12      13:12       0.81 
        8      29:28      29:28       0.45 
        9      35:34      25:24   +   0.54 
       10      36:35        7:6   +   0.72 
       11      27:26      27:26       0.54 
       12      33:32      33:32       0.72 
       13        7:6        7:6       0.72 
       14      37:36      14:13   +   0.36 
       15        1:0        1:0       0.54 
       16        8:7        8:7       0.81 
       17        2:1        2:1       0.81 
       18      21:20      21:20       0.72 
       19      20:19      20:19       0.36 
       20      18:17      18:17       0.63 
       21      25:24      25:24       0.54 
       22      17:16      17:16       0.63 
       23      32:31      32:31       0.72 
       24      11:10      11:10       0.72 
       25      14:13      14:13       0.72 
       26      31:30      31:30       0.36 
       27        9:8        9:8       0.63 
       28      40:39        5:4   +   0.54 
       29      22:21      22:21       0.81 
       30      24:23      24:23       0.72 
       31      34:33      34:33       0.63 
       32        5:4      18:17   +   0.45 
       33      30:29      30:29       0.72 
       34        4:3        4:3       0.54 
       35      26:25      26:25       0.63 
       36      28:27      37:36   +   0.45 
       37      23:22      23:22       0.54 
       38      16:15      16:15       0.36 
       39      39:38      39:38       0.45 
       40        6:5        6:5       0.81 
        1      15:14        2:1   +   0.36 
        2      38:37      38:37       0.54 
        3      12:11      12:11       0.81 
        4      19:18      19:18       0.63 
        5       10:9       10:9       0.54 
        6        3:2        3:2       0.63 
        7      13:12      13:12       0.72 
        8      29:28      29:28       0.63 
        9      35:34      35:34       0.36 
       10      36:35      36:35       0.54 
       11      27:26      27:26       0.54 
       12      33:32      33:32       0.54 
       13        7:6        7:6       0.81 
       14      37:36      14:13   +   0.36 
       15        1:0        1:0       0.63 
       16        8:7        8:7       0.81 
       17        2:1        2:1       0.81 
       18      21:20      21:20       0.72 
       19      20:19      20:19       0.36 
       20      18:17      18:17       0.63 
       21      25:24      25:24       0.54 
       22      17:16      17:16       0.27 
       23      32:31      32:31       0.54 
       24      11:10      11:10       0.54 
       25      14:13      14:13       0.63 
       26      31:30      30:29   +   0.45 
       27        9:8        9:8       0.54 
       28      40:39      40:39       0.45 
       29      22:21      22:21       0.72 
       30      24:23      24:23       0.72 
       31      34:33      34:33       0.54 
       32        5:4        5:4       0.54 
       33      30:29      30:29       0.81 
       34        4:3        4:3       0.63 
       35      26:25      26:25       0.72 
       36      28:27      37:36   +   0.45 
       37      23:22      38:37   +   0.54 
       38      16:15      16:15       0.45 
       39      39:38      39:38       0.45 
       40        6:5        6:5       0.81 
        1      15:14        5:4   +   0.36 
        2      38:37      38:37       0.72 
        3      12:11      12:11       0.63 
        4      19:18      19:18       0.72 
        5       10:9       10:9       0.54 
        6        3:2        3:2       0.45 
        7      13:12      13:12       0.54 
        8      29:28      29:28       0.72 
        9      35:34      35:34       0.27 
       10      36:35      17:16   +   0.36 
       11      27:26      27:26       0.54 
       12      33:32      33:32       0.45 
       13        7:6        7:6       0.81 
       14      37:36      14:13   +   0.36 
       15        1:0        1:0       0.27 
       16        8:7        8:7       0.81 
       17        2:1        2:1       0.81 
       18      21:20      21:20       0.72 
       19      20:19      29:28   +   0.36 
       20      18:17      18:17       0.54 
       21      25:24      25:24       0.72 
       22      17:16      17:16       0.45 
       23      32:31        2:1   +   0.45 
       24      11:10      11:10       0.63 
       25      14:13      14:13       0.63 
       26      31:30      34:33   +   0.45 
       27        9:8        9:8       0.45 
       28      40:39      40:39       0.36 
       29      22:21      22:21       0.81 
       30      24:23      24:23       0.81 
       31      34:33      34:33       0.81 
       32        5:4        5:4       0.72 
       33      30:29      30:29       0.81 
       34        4:3        4:3       0.63 
       35      26:25      26:25       0.45 
       36      28:27      28:27       0.36 
       37      23:22      23:22       0.45 
       38      16:15      15:14   +   0.36 
       39      39:38      39:38       0.54 
       40        6:5        6:5       0.81 
        1      15:14      15:14       0.36 
        2      38:37      38:37       0.63 
        3      12:11      12:11       0.72 
        4      19:18      19:18       0.72 
        5       10:9       10:9       0.63 
        6        3:2        3:2       0.36 
        7      13:12      13:12       0.81 
        8      29:28      29:28       0.63 
        9      35:34      25:24   +   0.54 
       10      36:35      36:35       0.45 
       11      27:26      27:26       0.63 
       12      33:32      33:32       0.72 
       13        7:6        7:6       0.81 
       14      37:36      28:27   +   0.36 
       15        1:0        1:0       0.45 
       16        8:7        8:7       0.81 
       17        2:1        2:1       0.81 
       18      21:20      21:20       0.81 
       19      20:19      20:19       0.27 
       20      18:17      18:17       0.72 
       21      25:24      25:24       0.45 
       22      17:16      17:16       0.36 
       23      32:31      32:31       0.54 
       24      11:10      19:18   +   0.45 
       25      14:13      14:13       0.72 
       26      31:30      30:29   +   0.45 
       27        9:8        9:8       0.81 
       28      40:39        5:4   +   0.36 
       29      22:21      22:21       0.81 
       30      24:23      24:23       0.45 
       31      34:33      34:33       0.63 
       32        5:4        5:4       0.54 
       33      30:29      30:29       0.81 
       34        4:3        4:3       0.45 
       35      26:25      26:25       0.72 
       36      28:27      19:18   +   0.45 
       37      23:22      23:22       0.63 
       38      16:15      24:23   +   0.45 
       39      39:38      39:38       0.45 
       40        6:5        6:5       0.81 
        1      15:14        2:1   +   0.45 
        2      38:37      38:37       0.72 
        3      12:11      12:11       0.72 
        4      19:18      19:18       0.72 
        5       10:9       10:9       0.63 
        6        3:2      25:24   +   0.36 
        7      13:12      13:12       0.81 
        8      29:28      29:28       0.72 
        9      35:34      13:12   +   0.27 
       10      36:35        7:6   +   0.63 
       11      27:26      19:18   +   0.54 
       12      33:32      33:32       0.54 
       13        7:6        7:6       0.81 
       14      37:36      28:27   +   0.36 
       15        1:0        1:0       0.54 
       16        8:7        8:7       0.81 
       17        2:1        2:1       0.81 
       18      21:20      21:20       0.81 
       19      20:19      29:28   +   0.45 
       20      18:17      18:17       0.72 
       21      25:24      25:24       0.45 
       22      17:16        3:2   +   0.18 
       23      32:31      32:31       0.54 
       24      11:10      19:18   +   0.45 
       25      14:13      14:13       0.63 
       26      31:30      34:33   +   0.63 
       27        9:8        9:8       0.72 
       28      40:39        5:4   +   0.36 
       29      22:21      22:21       0.81 
       30      24:23      24:23       0.72 
       31      34:33      34:33       0.72 
       32        5:4        5:4       0.54 
       33      30:29      30:29       0.81 
       34        4:3        3:2   +   0.36 
       35      26:25      26:25       0.54 
       36      28:27      37:36   +   0.36 
       37      23:22      23:22       0.54 
       38      16:15      16:15       0.54 
       39      39:38      39:38       0.45 
       40        6:5        6:5       0.81 

=== Stratified cross-validation ===
=== Summary ===

Correctly Classified Instances         320               80      %
Incorrectly Classified Instances        80               20      %
Kappa statistic                          0.7949
Mean absolute error                      0.022 
Root mean squared error                  0.0922
Relative absolute error                 45.0769 %
Root relative squared error             59.0297 %
Total Number of Instances              400     

=== Detailed Accuracy By Class ===

                 TP Rate  FP Rate  Precision  Recall   F-Measure  MCC      ROC Area  PRC Area  Class
                 0.700    0.000    1.000      0.700    0.824      0.833    0.998     0.893     0
                 1.000    0.018    0.588      1.000    0.741      0.760    1.000     1.000     1
                 0.900    0.008    0.750      0.900    0.818      0.817    0.999     0.939     2
                 0.900    0.000    1.000      0.900    0.947      0.947    1.000     1.000     3
                 0.900    0.028    0.450      0.900    0.600      0.625    0.993     0.821     4
                 1.000    0.000    1.000      1.000    1.000      1.000    1.000     1.000     5
                 1.000    0.013    0.667      1.000    0.800      0.811    0.999     0.933     6
                 1.000    0.000    1.000      1.000    1.000      1.000    1.000     1.000     7
                 1.000    0.003    0.909      1.000    0.952      0.952    1.000     1.000     8
                 0.900    0.000    1.000      0.900    0.947      0.947    0.950     0.903     9
                 0.800    0.000    1.000      0.800    0.889      0.892    1.000     0.982     10
                 1.000    0.000    1.000      1.000    1.000      1.000    1.000     1.000     11
                 1.000    0.003    0.909      1.000    0.952      0.952    1.000     1.000     12
                 1.000    0.010    0.714      1.000    0.833      0.841    0.999     0.971     13
                 0.400    0.013    0.444      0.400    0.421      0.408    0.991     0.600     14
                 0.800    0.003    0.889      0.800    0.842      0.839    0.996     0.788     15
                 0.800    0.008    0.727      0.800    0.762      0.756    0.993     0.747     16
                 0.900    0.010    0.692      0.900    0.783      0.783    0.999     0.959     17
                 0.900    0.013    0.643      0.900    0.750      0.754    0.991     0.918     18
                 0.700    0.000    1.000      0.700    0.824      0.833    1.000     1.000     19
                 1.000    0.003    0.909      1.000    0.952      0.952    1.000     0.991     20
                 1.000    0.000    1.000      1.000    1.000      1.000    1.000     1.000     21
                 0.800    0.000    1.000      0.800    0.889      0.892    0.999     0.950     22
                 1.000    0.003    0.909      1.000    0.952      0.952    1.000     0.991     23
                 1.000    0.013    0.667      1.000    0.800      0.811    0.996     0.781     24
                 0.900    0.003    0.900      0.900    0.900      0.897    1.000     1.000     25
                 0.900    0.000    1.000      0.900    0.947      0.947    1.000     1.000     26
                 0.100    0.010    0.200      0.100    0.133      0.126    0.985     0.462     27
                 1.000    0.005    0.833      1.000    0.909      0.911    0.999     0.967     28
                 1.000    0.013    0.667      1.000    0.800      0.811    1.000     1.000     29
                 0.200    0.000    1.000      0.200    0.333      0.443    1.000     1.000     30
                 0.800    0.000    1.000      0.800    0.889      0.892    1.000     1.000     31
                 0.900    0.000    1.000      0.900    0.947      0.947    1.000     1.000     32
                 1.000    0.010    0.714      1.000    0.833      0.841    0.998     0.927     33
                 0.200    0.000    1.000      0.200    0.333      0.443    0.998     0.917     34
                 0.200    0.000    1.000      0.200    0.333      0.443    0.994     0.726     35
                 0.100    0.013    0.167      0.100    0.125      0.112    0.987     0.588     36
                 1.000    0.005    0.833      1.000    0.909      0.911    0.999     0.965     37
                 1.000    0.000    1.000      1.000    1.000      1.000    1.000     1.000     38
                 0.300    0.000    1.000      0.300    0.462      0.543    0.984     0.585     39
Weighted Avg.    0.800    0.005    0.830      0.800    0.778      0.791    0.996     0.908     

=== Confusion Matrix ===

  a  b  c  d  e  f  g  h  i  j  k  l  m  n  o  p  q  r  s  t  u  v  w  x  y  z aa ab ac ad ae af ag ah ai aj ak al am an   <-- classified as
  7  1  0  0  0  0  0  0  0  0  0  0  0  0  0  1  0  1  0  0  0  0  0  0  0  0  0  0  0  0  0  0  0  0  0  0  0  0  0  0 |  a = 0
  0 10  0  0  0  0  0  0  0  0  0  0  0  0  0  0  0  0  0  0  0  0  0  0  0  0  0  0  0  0  0  0  0  0  0  0  0  0  0  0 |  b = 1
  0  0  9  0  0  0  0  0  0  0  0  0  0  0  0  0  0  0  0  0  0  0  0  0  1  0  0  0  0  0  0  0  0  0  0  0  0  0  0  0 |  c = 2
  0  0  1  9  0  0  0  0  0  0  0  0  0  0  0  0  0  0  0  0  0  0  0  0  0  0  0  0  0  0  0  0  0  0  0  0  0  0  0  0 |  d = 3
  0  0  0  0  9  0  0  0  0  0  0  0  0  0  0  0  0  1  0  0  0  0  0  0  0  0  0  0  0  0  0  0  0  0  0  0  0  0  0  0 |  e = 4
  0  0  0  0  0 10  0  0  0  0  0  0  0  0  0  0  0  0  0  0  0  0  0  0  0  0  0  0  0  0  0  0  0  0  0  0  0  0  0  0 |  f = 5
  0  0  0  0  0  0 10  0  0  0  0  0  0  0  0  0  0  0  0  0  0  0  0  0  0  0  0  0  0  0  0  0  0  0  0  0  0  0  0  0 |  g = 6
  0  0  0  0  0  0  0 10  0  0  0  0  0  0  0  0  0  0  0  0  0  0  0  0  0  0  0  0  0  0  0  0  0  0  0  0  0  0  0  0 |  h = 7
  0  0  0  0  0  0  0  0 10  0  0  0  0  0  0  0  0  0  0  0  0  0  0  0  0  0  0  0  0  0  0  0  0  0  0  0  0  0  0  0 |  i = 8
  0  0  1  0  0  0  0  0  0  9  0  0  0  0  0  0  0  0  0  0  0  0  0  0  0  0  0  0  0  0  0  0  0  0  0  0  0  0  0  0 |  j = 9
  0  0  0  0  0  0  0  0  0  0  8  0  0  0  0  0  0  0  2  0  0  0  0  0  0  0  0  0  0  0  0  0  0  0  0  0  0  0  0  0 |  k = 10
  0  0  0  0  0  0  0  0  0  0  0 10  0  0  0  0  0  0  0  0  0  0  0  0  0  0  0  0  0  0  0  0  0  0  0  0  0  0  0  0 |  l = 11
  0  0  0  0  0  0  0  0  0  0  0  0 10  0  0  0  0  0  0  0  0  0  0  0  0  0  0  0  0  0  0  0  0  0  0  0  0  0  0  0 |  m = 12
  0  0  0  0  0  0  0  0  0  0  0  0  0 10  0  0  0  0  0  0  0  0  0  0  0  0  0  0  0  0  0  0  0  0  0  0  0  0  0  0 |  n = 13
  0  4  0  0  2  0  0  0  0  0  0  0  0  0  4  0  0  0  0  0  0  0  0  0  0  0  0  0  0  0  0  0  0  0  0  0  0  0  0  0 |  o = 14
  0  0  0  0  0  0  0  0  0  0  0  0  0  0  1  8  0  0  0  0  0  0  0  1  0  0  0  0  0  0  0  0  0  0  0  0  0  0  0  0 |  p = 15
  0  0  1  0  0  0  0  0  1  0  0  0  0  0  0  0  8  0  0  0  0  0  0  0  0  0  0  0  0  0  0  0  0  0  0  0  0  0  0  0 |  q = 16
  0  0  0  0  1  0  0  0  0  0  0  0  0  0  0  0  0  9  0  0  0  0  0  0  0  0  0  0  0  0  0  0  0  0  0  0  0  0  0  0 |  r = 17
  0  0  0  0  0  0  0  0  0  0  0  0  0  0  1  0  0  0  9  0  0  0  0  0  0  0  0  0  0  0  0  0  0  0  0  0  0  0  0  0 |  s = 18
  0  0  0  0  0  0  0  0  0  0  0  0  0  0  0  0  0  0  0  7  0  0  0  0  0  0  0  0  2  1  0  0  0  0  0  0  0  0  0  0 |  t = 19
  0  0  0  0  0  0  0  0  0  0  0  0  0  0  0  0  0  0  0  0 10  0  0  0  0  0  0  0  0  0  0  0  0  0  0  0  0  0  0  0 |  u = 20
  0  0  0  0  0  0  0  0  0  0  0  0  0  0  0  0  0  0  0  0  0 10  0  0  0  0  0  0  0  0  0  0  0  0  0  0  0  0  0  0 |  v = 21
  0  0  0  0  0  0  0  0  0  0  0  0  0  0  0  0  0  0  0  0  0  0  8  0  0  0  0  0  0  0  0  0  0  0  0  0  0  2  0  0 |  w = 22
  0  0  0  0  0  0  0  0  0  0  0  0  0  0  0  0  0  0  0  0  0  0  0 10  0  0  0  0  0  0  0  0  0  0  0  0  0  0  0  0 |  x = 23
  0  0  0  0  0  0  0  0  0  0  0  0  0  0  0  0  0  0  0  0  0  0  0  0 10  0  0  0  0  0  0  0  0  0  0  0  0  0  0  0 |  y = 24
  0  0  0  0  1  0  0  0  0  0  0  0  0  0  0  0  0  0  0  0  0  0  0  0  0  9  0  0  0  0  0  0  0  0  0  0  0  0  0  0 |  z = 25
  0  0  0  0  0  0  0  0  0  0  0  0  0  0  0  0  0  0  1  0  0  0  0  0  0  0  9  0  0  0  0  0  0  0  0  0  0  0  0  0 | aa = 26
  0  0  0  0  0  0  0  0  0  0  0  0  0  0  2  0  0  0  2  0  0  0  0  0  0  0  0  1  0  0  0  0  0  0  0  0  5  0  0  0 | ab = 27
  0  0  0  0  0  0  0  0  0  0  0  0  0  0  0  0  0  0  0  0  0  0  0  0  0  0  0  0 10  0  0  0  0  0  0  0  0  0  0  0 | ac = 28
  0  0  0  0  0  0  0  0  0  0  0  0  0  0  0  0  0  0  0  0  0  0  0  0  0  0  0  0  0 10  0  0  0  0  0  0  0  0  0  0 | ad = 29
  0  0  0  0  0  0  0  0  0  0  0  0  0  0  0  0  0  0  0  0  0  0  0  0  0  0  0  0  0  4  2  0  0  4  0  0  0  0  0  0 | ae = 30
  0  2  0  0  0  0  0  0  0  0  0  0  0  0  0  0  0  0  0  0  0  0  0  0  0  0  0  0  0  0  0  8  0  0  0  0  0  0  0  0 | af = 31
  0  0  0  0  0  0  0  0  0  0  0  0  0  0  0  0  0  0  0  0  1  0  0  0  0  0  0  0  0  0  0  0  9  0  0  0  0  0  0  0 | ag = 32
  0  0  0  0  0  0  0  0  0  0  0  0  0  0  0  0  0  0  0  0  0  0  0  0  0  0  0  0  0  0  0  0  0 10  0  0  0  0  0  0 | ah = 33
  0  0  0  0  2  0  0  0  0  0  0  0  1  0  1  0  0  0  0  0  0  0  0  0  4  0  0  0  0  0  0  0  0  0  2  0  0  0  0  0 | ai = 34
  0  0  0  0  0  0  5  0  0  0  0  0  0  0  0  0  3  0  0  0  0  0  0  0  0  0  0  0  0  0  0  0  0  0  0  2  0  0  0  0 | aj = 35
  0  0  0  0  0  0  0  0  0  0  0  0  0  4  0  0  0  0  0  0  0  0  0  0  0  1  0  4  0  0  0  0  0  0  0  0  1  0  0  0 | ak = 36
  0  0  0  0  0  0  0  0  0  0  0  0  0  0  0  0  0  0  0  0  0  0  0  0  0  0  0  0  0  0  0  0  0  0  0  0  0 10  0  0 | al = 37
  0  0  0  0  0  0  0  0  0  0  0  0  0  0  0  0  0  0  0  0  0  0  0  0  0  0  0  0  0  0  0  0  0  0  0  0  0  0 10  0 | am = 38
  0  0  0  0  5  0  0  0  0  0  0  0  0  0  0  0  0  2  0  0  0  0  0  0  0  0  0  0  0  0  0  0  0  0  0  0  0  0  0  3 | an = 39

