=== Run information ===

Scheme:       weka.classifiers.lazy.IBk -K 9 -W 0 -A "weka.core.neighboursearch.LinearNNSearch -A \"weka.core.EuclideanDistance -R first-last\""
Relation:     orl
Instances:    400
Attributes:   10305
              [list of attributes omitted]
Test mode:    10-fold cross-validation

=== Classifier model (full training set) ===

IB1 instance-based classifier
using 9 nearest neighbour(s) for classification


Time taken to build model: 0 seconds

=== Predictions on test data ===

    inst#     actual  predicted error prediction
        1      15:14      15:14       0.439 
        2      38:37      38:37       0.769 
        3      12:11      12:11       0.769 
        4      19:18      19:18       0.878 
        5       10:9        8:7   +   0.33 
        6        3:2        3:2       0.659 
        7      13:12      13:12       0.988 
        8      29:28      29:28       0.769 
        9      35:34      25:24   +   0.549 
       10      36:35        7:6   +   0.439 
       11      27:26      27:26       0.439 
       12      33:32      21:20   +   0.549 
       13        7:6        7:6       0.878 
       14      37:36      37:36       0.439 
       15        1:0        2:1   +   0.439 
       16        8:7        8:7       0.878 
       17        2:1        2:1       0.878 
       18      21:20      21:20       0.878 
       19      20:19      20:19       0.439 
       20      18:17      18:17       0.769 
       21      25:24      25:24       0.659 
       22      17:16      17:16       0.439 
       23      32:31      32:31       0.439 
       24      11:10      11:10       0.659 
       25      14:13      14:13       0.659 
       26      31:30      34:33   +   0.549 
       27        9:8        9:8       0.549 
       28      40:39      18:17   +   0.33 
       29      22:21      22:21       0.988 
       30      24:23      24:23       0.878 
       31      34:33      34:33       0.988 
       32        5:4        5:4       0.549 
       33      30:29      30:29       0.878 
       34        4:3        4:3       0.659 
       35      26:25      26:25       0.878 
       36      28:27      37:36   +   0.549 
       37      23:22      23:22       0.549 
       38      16:15      16:15       0.549 
       39      39:38      39:38       0.659 
       40        6:5        6:5       0.988 
        1      15:14      15:14       0.549 
        2      38:37      38:37       0.549 
        3      12:11      12:11       0.549 
        4      19:18      15:14   +   0.439 
        5       10:9       10:9       0.769 
        6        3:2        3:2       0.549 
        7      13:12      18:17   +   0.549 
        8      29:28      29:28       0.659 
        9      35:34        5:4   +   0.33 
       10      36:35        7:6   +   0.439 
       11      27:26      27:26       0.769 
       12      33:32      33:32       0.659 
       13        7:6        7:6       0.878 
       14      37:36      37:36       0.439 
       15        1:0      16:15   +   0.549 
       16        8:7        8:7       0.988 
       17        2:1        2:1       0.878 
       18      21:20      21:20       0.769 
       19      20:19      20:19       0.22 
       20      18:17      18:17       0.439 
       21      25:24      25:24       0.659 
       22      17:16      17:16       0.659 
       23      32:31      32:31       0.878 
       24      11:10      11:10       0.769 
       25      14:13      14:13       0.878 
       26      31:30      30:29   +   0.439 
       27        9:8        9:8       0.769 
       28      40:39        5:4   +   0.659 
       29      22:21      22:21       0.988 
       30      24:23      24:23       0.988 
       31      34:33      34:33       0.878 
       32        5:4        5:4       0.659 
       33      30:29      30:29       0.878 
       34        4:3        4:3       0.549 
       35      26:25      26:25       0.549 
       36      28:27      15:14   +   0.33 
       37      23:22      23:22       0.33 
       38      16:15      16:15       0.439 
       39      39:38      39:38       0.769 
       40        6:5        6:5       0.988 
        1      15:14      15:14       0.439 
        2      38:37      38:37       0.769 
        3      12:11      12:11       0.659 
        4      19:18      19:18       0.769 
        5       10:9       10:9       0.878 
        6        3:2        3:2       0.439 
        7      13:12      13:12       0.769 
        8      29:28      29:28       0.659 
        9      35:34      15:14   +   0.439 
       10      36:35        7:6   +   0.659 
       11      27:26      27:26       0.549 
       12      33:32      33:32       0.659 
       13        7:6        7:6       0.878 
       14      37:36      28:27   +   0.439 
       15        1:0        1:0       0.659 
       16        8:7        8:7       0.988 
       17        2:1        2:1       0.988 
       18      21:20      21:20       0.769 
       19      20:19      30:29   +   0.439 
       20      18:17      18:17       0.659 
       21      25:24      25:24       0.659 
       22      17:16      17:16       0.439 
       23      32:31      15:14   +   0.439 
       24      11:10      11:10       0.439 
       25      14:13      14:13       0.769 
       26      31:30      34:33   +   0.549 
       27        9:8        9:8       0.439 
       28      40:39        5:4   +   0.549 
       29      22:21      22:21       0.988 
       30      24:23      24:23       0.988 
       31      34:33      34:33       0.988 
       32        5:4        5:4       0.769 
       33      30:29      30:29       0.878 
       34        4:3        4:3       0.659 
       35      26:25      26:25       0.878 
       36      28:27      15:14   +   0.33 
       37      23:22      38:37   +   0.659 
       38      16:15      16:15       0.549 
       39      39:38      39:38       0.549 
       40        6:5        6:5       0.988 
        1      15:14        2:1   +   0.439 
        2      38:37      38:37       0.769 
        3      12:11      12:11       0.769 
        4      19:18      19:18       0.769 
        5       10:9       10:9       0.769 
        6        3:2        3:2       0.549 
        7      13:12      13:12       0.659 
        8      29:28      29:28       0.549 
        9      35:34        5:4   +   0.439 
       10      36:35      36:35       0.549 
       11      27:26      27:26       0.769 
       12      33:32      33:32       0.659 
       13        7:6        7:6       0.988 
       14      37:36      37:36       0.439 
       15        1:0      18:17   +   0.549 
       16        8:7        8:7       0.988 
       17        2:1        2:1       0.988 
       18      21:20      21:20       0.988 
       19      20:19      20:19       0.549 
       20      18:17      18:17       0.878 
       21      25:24      25:24       0.439 
       22      17:16      17:16       0.549 
       23      32:31      32:31       0.659 
       24      11:10      11:10       0.659 
       25      14:13      14:13       0.439 
       26      31:30      31:30       0.439 
       27        9:8        9:8       0.769 
       28      40:39        5:4   +   0.439 
       29      22:21      22:21       0.878 
       30      24:23      24:23       0.988 
       31      34:33      34:33       0.878 
       32        5:4        5:4       0.769 
       33      30:29      30:29       0.659 
       34        4:3        4:3       0.439 
       35      26:25        5:4   +   0.439 
       36      28:27      37:36   +   0.439 
       37      23:22      23:22       0.439 
       38      16:15        1:0   +   0.33 
       39      39:38      39:38       0.549 
       40        6:5        6:5       0.988 
        1      15:14      15:14       0.439 
        2      38:37      38:37       0.659 
        3      12:11      12:11       0.659 
        4      19:18      19:18       0.878 
        5       10:9       10:9       0.659 
        6        3:2        3:2       0.659 
        7      13:12      13:12       0.878 
        8      29:28      29:28       0.878 
        9      35:34      25:24   +   0.439 
       10      36:35      17:16   +   0.439 
       11      27:26      27:26       0.439 
       12      33:32      33:32       0.769 
       13        7:6        7:6       0.878 
       14      37:36      28:27   +   0.439 
       15        1:0        1:0       0.439 
       16        8:7        8:7       0.988 
       17        2:1        2:1       0.988 
       18      21:20      21:20       0.878 
       19      20:19      20:19       0.439 
       20      18:17      18:17       0.549 
       21      25:24      25:24       0.769 
       22      17:16        3:2   +   0.22 
       23      32:31      32:31       0.878 
       24      11:10      11:10       0.549 
       25      14:13      14:13       0.659 
       26      31:30      31:30       0.439 
       27        9:8        9:8       0.769 
       28      40:39      40:39       0.439 
       29      22:21      22:21       0.769 
       30      24:23      24:23       0.878 
       31      34:33      34:33       0.878 
       32        5:4        5:4       0.659 
       33      30:29      30:29       0.878 
       34        4:3        4:3       0.659 
       35      26:25      26:25       0.878 
       36      28:27      19:18   +   0.439 
       37      23:22      23:22       0.769 
       38      16:15      16:15       0.549 
       39      39:38      39:38       0.769 
       40        6:5        6:5       0.988 
        1      15:14      15:14       0.439 
        2      38:37      38:37       0.878 
        3      12:11      12:11       0.659 
        4      19:18      19:18       0.878 
        5       10:9       10:9       0.439 
        6        3:2        3:2       0.659 
        7      13:12      13:12       0.769 
        8      29:28      29:28       0.549 
        9      35:34      25:24   +   0.549 
       10      36:35        7:6   +   0.659 
       11      27:26      27:26       0.659 
       12      33:32      33:32       0.769 
       13        7:6        7:6       0.878 
       14      37:36      37:36       0.439 
       15        1:0        1:0       0.549 
       16        8:7        8:7       0.988 
       17        2:1        2:1       0.988 
       18      21:20      21:20       0.878 
       19      20:19      20:19       0.439 
       20      18:17      18:17       0.659 
       21      25:24      25:24       0.659 
       22      17:16      17:16       0.659 
       23      32:31      32:31       0.878 
       24      11:10      11:10       0.878 
       25      14:13      14:13       0.878 
       26      31:30      31:30       0.439 
       27        9:8        9:8       0.769 
       28      40:39        5:4   +   0.549 
       29      22:21      22:21       0.988 
       30      24:23      24:23       0.659 
       31      34:33      34:33       0.769 
       32        5:4      18:17   +   0.439 
       33      30:29      30:29       0.769 
       34        4:3        4:3       0.659 
       35      26:25      26:25       0.659 
       36      28:27      37:36   +   0.549 
       37      23:22      23:22       0.659 
       38      16:15      16:15       0.439 
       39      39:38      39:38       0.549 
       40        6:5        6:5       0.988 
        1      15:14        2:1   +   0.439 
        2      38:37      38:37       0.549 
        3      12:11      12:11       0.878 
        4      19:18      19:18       0.769 
        5       10:9       10:9       0.659 
        6        3:2        3:2       0.769 
        7      13:12      13:12       0.769 
        8      29:28      29:28       0.659 
        9      35:34      25:24   +   0.33 
       10      36:35      24:23   +   0.439 
       11      27:26      27:26       0.549 
       12      33:32      33:32       0.659 
       13        7:6        7:6       0.878 
       14      37:36      37:36       0.439 
       15        1:0        1:0       0.769 
       16        8:7        8:7       0.988 
       17        2:1        2:1       0.988 
       18      21:20      21:20       0.878 
       19      20:19      20:19       0.439 
       20      18:17      18:17       0.659 
       21      25:24      25:24       0.659 
       22      17:16        3:2   +   0.22 
       23      32:31      32:31       0.659 
       24      11:10      11:10       0.659 
       25      14:13      14:13       0.769 
       26      31:30      30:29   +   0.33 
       27        9:8        9:8       0.549 
       28      40:39      40:39       0.439 
       29      22:21      22:21       0.769 
       30      24:23      24:23       0.878 
       31      34:33      34:33       0.659 
       32        5:4        5:4       0.659 
       33      30:29      30:29       0.988 
       34        4:3        4:3       0.659 
       35      26:25      26:25       0.878 
       36      28:27      37:36   +   0.549 
       37      23:22      23:22       0.439 
       38      16:15      16:15       0.549 
       39      39:38      39:38       0.549 
       40        6:5        6:5       0.988 
        1      15:14        5:4   +   0.439 
        2      38:37      38:37       0.769 
        3      12:11      12:11       0.659 
        4      19:18      19:18       0.769 
        5       10:9       10:9       0.659 
        6        3:2        3:2       0.549 
        7      13:12      13:12       0.659 
        8      29:28      29:28       0.878 
        9      35:34      35:34       0.33 
       10      36:35      17:16   +   0.439 
       11      27:26      27:26       0.659 
       12      33:32      33:32       0.439 
       13        7:6        7:6       0.988 
       14      37:36      37:36       0.439 
       15        1:0      17:16   +   0.33 
       16        8:7        8:7       0.988 
       17        2:1        2:1       0.988 
       18      21:20      21:20       0.878 
       19      20:19      20:19       0.33 
       20      18:17      18:17       0.659 
       21      25:24      25:24       0.769 
       22      17:16      17:16       0.439 
       23      32:31      32:31       0.549 
       24      11:10      11:10       0.769 
       25      14:13      14:13       0.769 
       26      31:30      34:33   +   0.549 
       27        9:8        9:8       0.549 
       28      40:39      40:39       0.439 
       29      22:21      22:21       0.988 
       30      24:23      24:23       0.988 
       31      34:33      34:33       0.988 
       32        5:4        5:4       0.769 
       33      30:29      30:29       0.988 
       34        4:3        4:3       0.769 
       35      26:25      26:25       0.439 
       36      28:27      28:27       0.33 
       37      23:22      23:22       0.549 
       38      16:15      15:14   +   0.439 
       39      39:38      39:38       0.549 
       40        6:5        6:5       0.988 
        1      15:14      15:14       0.439 
        2      38:37      38:37       0.769 
        3      12:11      12:11       0.878 
        4      19:18      19:18       0.878 
        5       10:9       10:9       0.659 
        6        3:2        3:2       0.439 
        7      13:12      13:12       0.988 
        8      29:28      29:28       0.769 
        9      35:34      25:24   +   0.439 
       10      36:35      36:35       0.549 
       11      27:26      27:26       0.769 
       12      33:32      33:32       0.878 
       13        7:6        7:6       0.988 
       14      37:36      28:27   +   0.439 
       15        1:0        1:0       0.549 
       16        8:7        8:7       0.988 
       17        2:1        2:1       0.988 
       18      21:20      21:20       0.878 
       19      20:19      20:19       0.33 
       20      18:17      18:17       0.878 
       21      25:24      25:24       0.549 
       22      17:16        3:2   +   0.33 
       23      32:31      32:31       0.659 
       24      11:10      19:18   +   0.439 
       25      14:13      14:13       0.878 
       26      31:30      21:20   +   0.439 
       27        9:8        9:8       0.878 
       28      40:39        5:4   +   0.439 
       29      22:21      22:21       0.988 
       30      24:23      24:23       0.549 
       31      34:33      34:33       0.659 
       32        5:4        5:4       0.659 
       33      30:29      30:29       0.878 
       34        4:3        4:3       0.549 
       35      26:25      26:25       0.659 
       36      28:27      19:18   +   0.549 
       37      23:22      23:22       0.769 
       38      16:15      24:23   +   0.439 
       39      39:38      39:38       0.549 
       40        6:5        6:5       0.988 
        1      15:14      15:14       0.439 
        2      38:37      38:37       0.769 
        3      12:11      12:11       0.878 
        4      19:18      19:18       0.878 
        5       10:9       10:9       0.769 
        6        3:2        3:2       0.33 
        7      13:12      13:12       0.878 
        8      29:28      29:28       0.769 
        9      35:34      35:34       0.33 
       10      36:35        7:6   +   0.549 
       11      27:26      27:26       0.549 
       12      33:32      33:32       0.659 
       13        7:6        7:6       0.988 
       14      37:36      28:27   +   0.439 
       15        1:0        1:0       0.549 
       16        8:7        8:7       0.988 
       17        2:1        2:1       0.988 
       18      21:20      21:20       0.988 
       19      20:19      29:28   +   0.549 
       20      18:17      18:17       0.769 
       21      25:24        5:4   +   0.439 
       22      17:16        3:2   +   0.22 
       23      32:31      32:31       0.659 
       24      11:10      19:18   +   0.439 
       25      14:13      14:13       0.659 
       26      31:30      34:33   +   0.549 
       27        9:8        9:8       0.769 
       28      40:39      18:17   +   0.439 
       29      22:21      22:21       0.988 
       30      24:23      24:23       0.878 
       31      34:33      34:33       0.878 
       32        5:4        5:4       0.659 
       33      30:29      30:29       0.988 
       34        4:3        4:3       0.439 
       35      26:25      26:25       0.549 
       36      28:27      28:27       0.33 
       37      23:22      23:22       0.659 
       38      16:15      16:15       0.439 
       39      39:38      39:38       0.549 
       40        6:5        6:5       0.988 

=== Stratified cross-validation ===
=== Summary ===

Correctly Classified Instances         331               82.75   %
Incorrectly Classified Instances        69               17.25   %
Kappa statistic                          0.8231
Mean absolute error                      0.0177
Root mean squared error                  0.0824
Relative absolute error                 36.3133 %
Root relative squared error             52.8069 %
Total Number of Instances              400     

=== Detailed Accuracy By Class ===

                 TP Rate  FP Rate  Precision  Recall   F-Measure  MCC      ROC Area  PRC Area  Class
                 0.600    0.003    0.857      0.600    0.706      0.711    0.997     0.878     0
                 1.000    0.008    0.769      1.000    0.870      0.874    1.000     1.000     1
                 1.000    0.010    0.714      1.000    0.833      0.841    1.000     0.983     2
                 1.000    0.000    1.000      1.000    1.000      1.000    1.000     1.000     3
                 0.900    0.026    0.474      0.900    0.621      0.642    0.995     0.855     4
                 1.000    0.000    1.000      1.000    1.000      1.000    1.000     1.000     5
                 1.000    0.013    0.667      1.000    0.800      0.811    1.000     1.000     6
                 1.000    0.003    0.909      1.000    0.952      0.952    1.000     1.000     7
                 1.000    0.000    1.000      1.000    1.000      1.000    1.000     1.000     8
                 0.900    0.000    1.000      0.900    0.947      0.947    0.950     0.903     9
                 0.800    0.000    1.000      0.800    0.889      0.892    1.000     1.000     10
                 1.000    0.000    1.000      1.000    1.000      1.000    1.000     1.000     11
                 0.900    0.000    1.000      0.900    0.947      0.947    1.000     1.000     12
                 1.000    0.000    1.000      1.000    1.000      1.000    1.000     1.000     13
                 0.700    0.015    0.538      0.700    0.609      0.603    0.995     0.743     14
                 0.700    0.003    0.875      0.700    0.778      0.778    0.997     0.814     15
                 0.600    0.008    0.667      0.600    0.632      0.624    0.993     0.730     16
                 1.000    0.013    0.667      1.000    0.800      0.811    0.999     0.953     17
                 0.900    0.010    0.692      0.900    0.783      0.783    0.993     0.921     18
                 0.800    0.000    1.000      0.800    0.889      0.892    1.000     1.000     19
                 1.000    0.005    0.833      1.000    0.909      0.911    1.000     1.000     20
                 1.000    0.000    1.000      1.000    1.000      1.000    1.000     1.000     21
                 0.900    0.000    1.000      0.900    0.947      0.947    0.999     0.954     22
                 1.000    0.005    0.833      1.000    0.909      0.911    1.000     1.000     23
                 0.900    0.013    0.643      0.900    0.750      0.754    0.997     0.895     24
                 0.900    0.000    1.000      0.900    0.947      0.947    1.000     1.000     25
                 1.000    0.000    1.000      1.000    1.000      1.000    1.000     1.000     26
                 0.200    0.010    0.333      0.200    0.250      0.244    0.984     0.484     27
                 1.000    0.003    0.909      1.000    0.952      0.952    1.000     0.982     28
                 1.000    0.008    0.769      1.000    0.870      0.874    1.000     1.000     29
                 0.300    0.000    1.000      0.300    0.462      0.543    1.000     1.000     30
                 0.900    0.000    1.000      0.900    0.947      0.947    1.000     1.000     31
                 0.900    0.000    1.000      0.900    0.947      0.947    1.000     1.000     32
                 1.000    0.010    0.714      1.000    0.833      0.841    1.000     1.000     33
                 0.200    0.000    1.000      0.200    0.333      0.443    0.998     0.937     34
                 0.200    0.000    1.000      0.200    0.333      0.443    0.997     0.829     35
                 0.600    0.010    0.600      0.600    0.600      0.590    0.991     0.714     36
                 1.000    0.003    0.909      1.000    0.952      0.952    0.999     0.971     37
                 1.000    0.000    1.000      1.000    1.000      1.000    1.000     1.000     38
                 0.300    0.000    1.000      0.300    0.462      0.543    0.989     0.693     39
Weighted Avg.    0.828    0.004    0.859      0.828    0.812      0.822    0.997     0.931     

=== Confusion Matrix ===

  a  b  c  d  e  f  g  h  i  j  k  l  m  n  o  p  q  r  s  t  u  v  w  x  y  z aa ab ac ad ae af ag ah ai aj ak al am an   <-- classified as
  6  1  0  0  0  0  0  0  0  0  0  0  0  0  0  1  1  1  0  0  0  0  0  0  0  0  0  0  0  0  0  0  0  0  0  0  0  0  0  0 |  a = 0
  0 10  0  0  0  0  0  0  0  0  0  0  0  0  0  0  0  0  0  0  0  0  0  0  0  0  0  0  0  0  0  0  0  0  0  0  0  0  0  0 |  b = 1
  0  0 10  0  0  0  0  0  0  0  0  0  0  0  0  0  0  0  0  0  0  0  0  0  0  0  0  0  0  0  0  0  0  0  0  0  0  0  0  0 |  c = 2
  0  0  0 10  0  0  0  0  0  0  0  0  0  0  0  0  0  0  0  0  0  0  0  0  0  0  0  0  0  0  0  0  0  0  0  0  0  0  0  0 |  d = 3
  0  0  0  0  9  0  0  0  0  0  0  0  0  0  0  0  0  1  0  0  0  0  0  0  0  0  0  0  0  0  0  0  0  0  0  0  0  0  0  0 |  e = 4
  0  0  0  0  0 10  0  0  0  0  0  0  0  0  0  0  0  0  0  0  0  0  0  0  0  0  0  0  0  0  0  0  0  0  0  0  0  0  0  0 |  f = 5
  0  0  0  0  0  0 10  0  0  0  0  0  0  0  0  0  0  0  0  0  0  0  0  0  0  0  0  0  0  0  0  0  0  0  0  0  0  0  0  0 |  g = 6
  0  0  0  0  0  0  0 10  0  0  0  0  0  0  0  0  0  0  0  0  0  0  0  0  0  0  0  0  0  0  0  0  0  0  0  0  0  0  0  0 |  h = 7
  0  0  0  0  0  0  0  0 10  0  0  0  0  0  0  0  0  0  0  0  0  0  0  0  0  0  0  0  0  0  0  0  0  0  0  0  0  0  0  0 |  i = 8
  0  0  0  0  0  0  0  1  0  9  0  0  0  0  0  0  0  0  0  0  0  0  0  0  0  0  0  0  0  0  0  0  0  0  0  0  0  0  0  0 |  j = 9
  0  0  0  0  0  0  0  0  0  0  8  0  0  0  0  0  0  0  2  0  0  0  0  0  0  0  0  0  0  0  0  0  0  0  0  0  0  0  0  0 |  k = 10
  0  0  0  0  0  0  0  0  0  0  0 10  0  0  0  0  0  0  0  0  0  0  0  0  0  0  0  0  0  0  0  0  0  0  0  0  0  0  0  0 |  l = 11
  0  0  0  0  0  0  0  0  0  0  0  0  9  0  0  0  0  1  0  0  0  0  0  0  0  0  0  0  0  0  0  0  0  0  0  0  0  0  0  0 |  m = 12
  0  0  0  0  0  0  0  0  0  0  0  0  0 10  0  0  0  0  0  0  0  0  0  0  0  0  0  0  0  0  0  0  0  0  0  0  0  0  0  0 |  n = 13
  0  2  0  0  1  0  0  0  0  0  0  0  0  0  7  0  0  0  0  0  0  0  0  0  0  0  0  0  0  0  0  0  0  0  0  0  0  0  0  0 |  o = 14
  1  0  0  0  0  0  0  0  0  0  0  0  0  0  1  7  0  0  0  0  0  0  0  1  0  0  0  0  0  0  0  0  0  0  0  0  0  0  0  0 |  p = 15
  0  0  4  0  0  0  0  0  0  0  0  0  0  0  0  0  6  0  0  0  0  0  0  0  0  0  0  0  0  0  0  0  0  0  0  0  0  0  0  0 |  q = 16
  0  0  0  0  0  0  0  0  0  0  0  0  0  0  0  0  0 10  0  0  0  0  0  0  0  0  0  0  0  0  0  0  0  0  0  0  0  0  0  0 |  r = 17
  0  0  0  0  0  0  0  0  0  0  0  0  0  0  1  0  0  0  9  0  0  0  0  0  0  0  0  0  0  0  0  0  0  0  0  0  0  0  0  0 |  s = 18
  0  0  0  0  0  0  0  0  0  0  0  0  0  0  0  0  0  0  0  8  0  0  0  0  0  0  0  0  1  1  0  0  0  0  0  0  0  0  0  0 |  t = 19
  0  0  0  0  0  0  0  0  0  0  0  0  0  0  0  0  0  0  0  0 10  0  0  0  0  0  0  0  0  0  0  0  0  0  0  0  0  0  0  0 |  u = 20
  0  0  0  0  0  0  0  0  0  0  0  0  0  0  0  0  0  0  0  0  0 10  0  0  0  0  0  0  0  0  0  0  0  0  0  0  0  0  0  0 |  v = 21
  0  0  0  0  0  0  0  0  0  0  0  0  0  0  0  0  0  0  0  0  0  0  9  0  0  0  0  0  0  0  0  0  0  0  0  0  0  1  0  0 |  w = 22
  0  0  0  0  0  0  0  0  0  0  0  0  0  0  0  0  0  0  0  0  0  0  0 10  0  0  0  0  0  0  0  0  0  0  0  0  0  0  0  0 |  x = 23
  0  0  0  0  1  0  0  0  0  0  0  0  0  0  0  0  0  0  0  0  0  0  0  0  9  0  0  0  0  0  0  0  0  0  0  0  0  0  0  0 |  y = 24
  0  0  0  0  1  0  0  0  0  0  0  0  0  0  0  0  0  0  0  0  0  0  0  0  0  9  0  0  0  0  0  0  0  0  0  0  0  0  0  0 |  z = 25
  0  0  0  0  0  0  0  0  0  0  0  0  0  0  0  0  0  0  0  0  0  0  0  0  0  0 10  0  0  0  0  0  0  0  0  0  0  0  0  0 | aa = 26
  0  0  0  0  0  0  0  0  0  0  0  0  0  0  2  0  0  0  2  0  0  0  0  0  0  0  0  2  0  0  0  0  0  0  0  0  4  0  0  0 | ab = 27
  0  0  0  0  0  0  0  0  0  0  0  0  0  0  0  0  0  0  0  0  0  0  0  0  0  0  0  0 10  0  0  0  0  0  0  0  0  0  0  0 | ac = 28
  0  0  0  0  0  0  0  0  0  0  0  0  0  0  0  0  0  0  0  0  0  0  0  0  0  0  0  0  0 10  0  0  0  0  0  0  0  0  0  0 | ad = 29
  0  0  0  0  0  0  0  0  0  0  0  0  0  0  0  0  0  0  0  0  1  0  0  0  0  0  0  0  0  2  3  0  0  4  0  0  0  0  0  0 | ae = 30
  0  0  0  0  0  0  0  0  0  0  0  0  0  0  1  0  0  0  0  0  0  0  0  0  0  0  0  0  0  0  0  9  0  0  0  0  0  0  0  0 | af = 31
  0  0  0  0  0  0  0  0  0  0  0  0  0  0  0  0  0  0  0  0  1  0  0  0  0  0  0  0  0  0  0  0  9  0  0  0  0  0  0  0 | ag = 32
  0  0  0  0  0  0  0  0  0  0  0  0  0  0  0  0  0  0  0  0  0  0  0  0  0  0  0  0  0  0  0  0  0 10  0  0  0  0  0  0 | ah = 33
  0  0  0  0  2  0  0  0  0  0  0  0  0  0  1  0  0  0  0  0  0  0  0  0  5  0  0  0  0  0  0  0  0  0  2  0  0  0  0  0 | ai = 34
  0  0  0  0  0  0  5  0  0  0  0  0  0  0  0  0  2  0  0  0  0  0  0  1  0  0  0  0  0  0  0  0  0  0  0  2  0  0  0  0 | aj = 35
  0  0  0  0  0  0  0  0  0  0  0  0  0  0  0  0  0  0  0  0  0  0  0  0  0  0  0  4  0  0  0  0  0  0  0  0  6  0  0  0 | ak = 36
  0  0  0  0  0  0  0  0  0  0  0  0  0  0  0  0  0  0  0  0  0  0  0  0  0  0  0  0  0  0  0  0  0  0  0  0  0 10  0  0 | al = 37
  0  0  0  0  0  0  0  0  0  0  0  0  0  0  0  0  0  0  0  0  0  0  0  0  0  0  0  0  0  0  0  0  0  0  0  0  0  0 10  0 | am = 38
  0  0  0  0  5  0  0  0  0  0  0  0  0  0  0  0  0  2  0  0  0  0  0  0  0  0  0  0  0  0  0  0  0  0  0  0  0  0  0  3 | an = 39

