=== Run information ===

Scheme:       weka.classifiers.lazy.IBk -K 13 -W 0 -A "weka.core.neighboursearch.LinearNNSearch -A \"weka.core.EuclideanDistance -R first-last\""
Relation:     orl
Instances:    400
Attributes:   10305
              [list of attributes omitted]
Test mode:    10-fold cross-validation

=== Classifier model (full training set) ===

IB1 instance-based classifier
using 13 nearest neighbour(s) for classification


Time taken to build model: 0 seconds

=== Predictions on test data ===

    inst#     actual  predicted error prediction
        1      15:14        5:4   +   0.305 
        2      38:37      38:37       0.61 
        3      12:11      12:11       0.61 
        4      19:18      19:18       0.687 
        5       10:9        3:2   +   0.305 
        6        3:2        3:2       0.534 
        7      13:12      13:12       0.687 
        8      29:28      29:28       0.687 
        9      35:34      25:24   +   0.458 
       10      36:35        7:6   +   0.458 
       11      27:26      27:26       0.305 
       12      33:32      21:20   +   0.534 
       13        7:6        7:6       0.61 
       14      37:36      14:13   +   0.458 
       15        1:0        2:1   +   0.534 
       16        8:7        8:7       0.687 
       17        2:1        2:1       0.687 
       18      21:20      21:20       0.687 
       19      20:19        4:3   +   0.305 
       20      18:17      18:17       0.61 
       21      25:24      25:24       0.458 
       22      17:16      17:16       0.305 
       23      32:31      32:31       0.382 
       24      11:10      11:10       0.534 
       25      14:13      14:13       0.534 
       26      31:30      34:33   +   0.61 
       27        9:8        9:8       0.458 
       28      40:39      18:17   +   0.382 
       29      22:21      22:21       0.687 
       30      24:23      24:23       0.61 
       31      34:33      34:33       0.687 
       32        5:4        5:4       0.534 
       33      30:29      30:29       0.687 
       34        4:3        4:3       0.458 
       35      26:25      26:25       0.687 
       36      28:27      37:36   +   0.382 
       37      23:22      23:22       0.458 
       38      16:15      16:15       0.382 
       39      39:38      39:38       0.534 
       40        6:5        6:5       0.687 
        1      15:14      15:14       0.458 
        2      38:37      38:37       0.458 
        3      12:11      12:11       0.534 
        4      19:18      15:14   +   0.305 
        5       10:9       10:9       0.61 
        6        3:2        3:2       0.458 
        7      13:12      13:12       0.534 
        8      29:28      29:28       0.534 
        9      35:34      40:39   +   0.382 
       10      36:35        7:6   +   0.458 
       11      27:26      27:26       0.61 
       12      33:32      33:32       0.458 
       13        7:6        7:6       0.687 
       14      37:36      37:36       0.305 
       15        1:0      16:15   +   0.458 
       16        8:7        8:7       0.687 
       17        2:1        2:1       0.687 
       18      21:20      21:20       0.61 
       19      20:19      20:19       0.305 
       20      18:17        5:4   +   0.534 
       21      25:24      25:24       0.458 
       22      17:16      17:16       0.458 
       23      32:31      32:31       0.61 
       24      11:10      11:10       0.61 
       25      14:13      14:13       0.687 
       26      31:30      21:20   +   0.305 
       27        9:8        9:8       0.687 
       28      40:39        5:4   +   0.534 
       29      22:21      22:21       0.687 
       30      24:23      24:23       0.687 
       31      34:33      34:33       0.687 
       32        5:4        5:4       0.534 
       33      30:29      30:29       0.687 
       34        4:3        4:3       0.534 
       35      26:25      26:25       0.458 
       36      28:27      15:14   +   0.305 
       37      23:22      23:22       0.305 
       38      16:15      16:15       0.382 
       39      39:38      39:38       0.534 
       40        6:5        6:5       0.687 
        1      15:14        5:4   +   0.305 
        2      38:37      38:37       0.61 
        3      12:11      12:11       0.61 
        4      19:18      19:18       0.61 
        5       10:9       10:9       0.61 
        6        3:2        3:2       0.382 
        7      13:12      13:12       0.534 
        8      29:28      29:28       0.458 
        9      35:34      15:14   +   0.305 
       10      36:35        7:6   +   0.687 
       11      27:26      27:26       0.382 
       12      33:32      33:32       0.534 
       13        7:6        7:6       0.687 
       14      37:36      28:27   +   0.305 
       15        1:0        1:0       0.458 
       16        8:7        8:7       0.687 
       17        2:1        2:1       0.687 
       18      21:20      21:20       0.687 
       19      20:19      30:29   +   0.458 
       20      18:17      18:17       0.534 
       21      25:24      25:24       0.458 
       22      17:16      17:16       0.382 
       23      32:31        2:1   +   0.458 
       24      11:10      11:10       0.305 
       25      14:13      14:13       0.61 
       26      31:30      34:33   +   0.534 
       27        9:8        9:8       0.382 
       28      40:39        5:4   +   0.382 
       29      22:21      22:21       0.687 
       30      24:23      24:23       0.687 
       31      34:33      34:33       0.687 
       32        5:4        5:4       0.61 
       33      30:29      30:29       0.687 
       34        4:3        4:3       0.534 
       35      26:25      26:25       0.61 
       36      28:27      15:14   +   0.305 
       37      23:22      38:37   +   0.534 
       38      16:15      16:15       0.382 
       39      39:38      39:38       0.534 
       40        6:5        6:5       0.687 
        1      15:14        2:1   +   0.382 
        2      38:37      38:37       0.61 
        3      12:11      12:11       0.61 
        4      19:18      19:18       0.61 
        5       10:9       10:9       0.534 
        6        3:2        3:2       0.458 
        7      13:12      13:12       0.534 
        8      29:28      21:20   +   0.382 
        9      35:34        5:4   +   0.382 
       10      36:35      36:35       0.458 
       11      27:26      27:26       0.687 
       12      33:32      33:32       0.534 
       13        7:6        7:6       0.687 
       14      37:36      26:25   +   0.382 
       15        1:0      18:17   +   0.534 
       16        8:7        8:7       0.687 
       17        2:1        2:1       0.687 
       18      21:20      21:20       0.687 
       19      20:19      20:19       0.458 
       20      18:17      18:17       0.61 
       21      25:24      25:24       0.382 
       22      17:16      17:16       0.458 
       23      32:31      19:18   +   0.458 
       24      11:10      11:10       0.458 
       25      14:13      14:13       0.305 
       26      31:30      31:30       0.305 
       27        9:8        9:8       0.687 
       28      40:39      40:39       0.382 
       29      22:21      22:21       0.687 
       30      24:23      24:23       0.687 
       31      34:33      34:33       0.687 
       32        5:4        5:4       0.61 
       33      30:29      30:29       0.534 
       34        4:3        4:3       0.382 
       35      26:25      26:25       0.534 
       36      28:27      26:25   +   0.305 
       37      23:22      23:22       0.458 
       38      16:15      13:12   +   0.305 
       39      39:38      39:38       0.534 
       40        6:5        6:5       0.687 
        1      15:14      15:14       0.305 
        2      38:37      38:37       0.61 
        3      12:11      12:11       0.534 
        4      19:18      19:18       0.61 
        5       10:9       10:9       0.458 
        6        3:2        3:2       0.534 
        7      13:12      13:12       0.687 
        8      29:28      29:28       0.687 
        9      35:34      25:24   +   0.382 
       10      36:35      17:16   +   0.305 
       11      27:26      27:26       0.382 
       12      33:32      33:32       0.61 
       13        7:6        7:6       0.687 
       14      37:36      26:25   +   0.382 
       15        1:0        1:0       0.305 
       16        8:7        8:7       0.687 
       17        2:1        2:1       0.687 
       18      21:20      21:20       0.687 
       19      20:19      20:19       0.382 
       20      18:17      18:17       0.458 
       21      25:24      25:24       0.534 
       22      17:16        9:8   +   0.305 
       23      32:31      32:31       0.61 
       24      11:10      11:10       0.458 
       25      14:13      14:13       0.534 
       26      31:30      30:29   +   0.382 
       27        9:8        9:8       0.534 
       28      40:39      18:17   +   0.382 
       29      22:21      22:21       0.687 
       30      24:23      24:23       0.61 
       31      34:33      34:33       0.687 
       32        5:4        5:4       0.458 
       33      30:29      30:29       0.687 
       34        4:3        4:3       0.534 
       35      26:25      26:25       0.687 
       36      28:27      19:18   +   0.382 
       37      23:22      23:22       0.534 
       38      16:15      16:15       0.382 
       39      39:38      39:38       0.61 
       40        6:5        6:5       0.687 
        1      15:14        2:1   +   0.382 
        2      38:37      38:37       0.687 
        3      12:11      12:11       0.61 
        4      19:18      19:18       0.61 
        5       10:9       10:9       0.382 
        6        3:2        3:2       0.534 
        7      13:12      13:12       0.687 
        8      29:28      29:28       0.382 
        9      35:34      25:24   +   0.458 
       10      36:35        7:6   +   0.687 
       11      27:26      19:18   +   0.458 
       12      33:32      33:32       0.61 
       13        7:6        7:6       0.61 
       14      37:36      14:13   +   0.382 
       15        1:0        1:0       0.458 
       16        8:7        8:7       0.687 
       17        2:1        2:1       0.687 
       18      21:20      21:20       0.687 
       19      20:19      20:19       0.382 
       20      18:17      18:17       0.61 
       21      25:24      25:24       0.458 
       22      17:16      17:16       0.534 
       23      32:31      32:31       0.61 
       24      11:10      11:10       0.61 
       25      14:13      14:13       0.61 
       26      31:30      21:20   +   0.305 
       27        9:8        9:8       0.61 
       28      40:39        5:4   +   0.458 
       29      22:21      22:21       0.687 
       30      24:23      24:23       0.61 
       31      34:33      34:33       0.534 
       32        5:4      18:17   +   0.458 
       33      30:29      30:29       0.687 
       34        4:3        4:3       0.458 
       35      26:25      26:25       0.534 
       36      28:27      37:36   +   0.382 
       37      23:22      23:22       0.458 
       38      16:15      16:15       0.382 
       39      39:38      39:38       0.382 
       40        6:5        6:5       0.687 
        1      15:14        2:1   +   0.382 
        2      38:37      38:37       0.458 
        3      12:11      12:11       0.687 
        4      19:18      19:18       0.534 
        5       10:9       10:9       0.458 
        6        3:2        3:2       0.61 
        7      13:12      13:12       0.687 
        8      29:28      29:28       0.534 
        9      35:34      25:24   +   0.305 
       10      36:35      36:35       0.458 
       11      27:26      27:26       0.458 
       12      33:32      33:32       0.534 
       13        7:6        7:6       0.687 
       14      37:36      14:13   +   0.458 
       15        1:0        1:0       0.534 
       16        8:7        8:7       0.687 
       17        2:1        2:1       0.687 
       18      21:20      21:20       0.61 
       19      20:19      20:19       0.382 
       20      18:17      18:17       0.534 
       21      25:24      25:24       0.458 
       22      17:16        3:2   +   0.229 
       23      32:31      32:31       0.458 
       24      11:10      11:10       0.458 
       25      14:13      14:13       0.687 
       26      31:30      30:29   +   0.382 
       27        9:8        9:8       0.534 
       28      40:39      40:39       0.458 
       29      22:21      22:21       0.687 
       30      24:23      24:23       0.61 
       31      34:33      34:33       0.534 
       32        5:4        5:4       0.534 
       33      30:29      30:29       0.687 
       34        4:3        4:3       0.534 
       35      26:25      26:25       0.61 
       36      28:27      37:36   +   0.382 
       37      23:22      38:37   +   0.458 
       38      16:15      16:15       0.458 
       39      39:38      39:38       0.382 
       40        6:5        6:5       0.687 
        1      15:14        5:4   +   0.382 
        2      38:37      38:37       0.687 
        3      12:11      12:11       0.534 
        4      19:18      19:18       0.61 
        5       10:9       10:9       0.534 
        6        3:2        3:2       0.458 
        7      13:12      13:12       0.458 
        8      29:28      29:28       0.61 
        9      35:34      40:39   +   0.382 
       10      36:35      36:35       0.382 
       11      27:26      27:26       0.534 
       12      33:32      33:32       0.382 
       13        7:6        7:6       0.687 
       14      37:36      14:13   +   0.382 
       15        1:0        1:0       0.305 
       16        8:7        8:7       0.687 
       17        2:1        2:1       0.687 
       18      21:20      21:20       0.61 
       19      20:19      29:28   +   0.382 
       20      18:17      18:17       0.458 
       21      25:24      25:24       0.61 
       22      17:16      17:16       0.382 
       23      32:31        2:1   +   0.458 
       24      11:10      11:10       0.61 
       25      14:13      14:13       0.534 
       26      31:30      34:33   +   0.534 
       27        9:8        9:8       0.382 
       28      40:39      40:39       0.382 
       29      22:21      22:21       0.687 
       30      24:23      24:23       0.687 
       31      34:33      34:33       0.687 
       32        5:4        5:4       0.687 
       33      30:29      30:29       0.687 
       34        4:3        4:3       0.534 
       35      26:25      26:25       0.382 
       36      28:27      28:27       0.305 
       37      23:22      23:22       0.382 
       38      16:15      15:14   +   0.382 
       39      39:38      39:38       0.534 
       40        6:5        6:5       0.687 
        1      15:14        5:4   +   0.305 
        2      38:37      38:37       0.534 
        3      12:11      12:11       0.61 
        4      19:18      19:18       0.61 
        5       10:9       10:9       0.534 
        6        3:2        3:2       0.305 
        7      13:12      13:12       0.687 
        8      29:28      29:28       0.534 
        9      35:34      25:24   +   0.534 
       10      36:35      24:23   +   0.382 
       11      27:26      27:26       0.534 
       12      33:32      33:32       0.61 
       13        7:6        7:6       0.687 
       14      37:36      28:27   +   0.305 
       15        1:0        1:0       0.458 
       16        8:7        8:7       0.687 
       17        2:1        2:1       0.687 
       18      21:20      21:20       0.687 
       19      20:19      20:19       0.229 
       20      18:17      18:17       0.61 
       21      25:24        5:4   +   0.382 
       22      17:16      17:16       0.305 
       23      32:31      32:31       0.458 
       24      11:10      19:18   +   0.382 
       25      14:13      14:13       0.61 
       26      31:30      30:29   +   0.458 
       27        9:8        9:8       0.687 
       28      40:39        5:4   +   0.382 
       29      22:21      22:21       0.687 
       30      24:23      15:14   +   0.382 
       31      34:33      34:33       0.534 
       32        5:4        5:4       0.534 
       33      30:29      30:29       0.687 
       34        4:3        4:3       0.382 
       35      26:25      26:25       0.61 
       36      28:27      19:18   +   0.382 
       37      23:22      23:22       0.534 
       38      16:15      24:23   +   0.382 
       39      39:38      39:38       0.382 
       40        6:5        6:5       0.687 
        1      15:14        2:1   +   0.458 
        2      38:37      38:37       0.61 
        3      12:11      12:11       0.61 
        4      19:18      19:18       0.61 
        5       10:9       10:9       0.534 
        6        3:2      25:24   +   0.382 
        7      13:12      13:12       0.687 
        8      29:28      29:28       0.61 
        9      35:34      13:12   +   0.229 
       10      36:35        7:6   +   0.534 
       11      27:26      19:18   +   0.458 
       12      33:32      30:29   +   0.534 
       13        7:6        7:6       0.687 
       14      37:36      28:27   +   0.305 
       15        1:0        1:0       0.458 
       16        8:7        8:7       0.687 
       17        2:1        2:1       0.687 
       18      21:20      21:20       0.687 
       19      20:19      29:28   +   0.382 
       20      18:17      18:17       0.61 
       21      25:24      25:24       0.458 
       22      17:16        9:8   +   0.229 
       23      32:31      32:31       0.458 
       24      11:10      19:18   +   0.382 
       25      14:13      14:13       0.534 
       26      31:30      34:33   +   0.534 
       27        9:8        9:8       0.61 
       28      40:39      18:17   +   0.382 
       29      22:21      22:21       0.687 
       30      24:23      24:23       0.61 
       31      34:33      34:33       0.61 
       32        5:4        5:4       0.458 
       33      30:29      30:29       0.687 
       34        4:3        3:2   +   0.305 
       35      26:25      26:25       0.534 
       36      28:27      37:36   +   0.305 
       37      23:22      23:22       0.534 
       38      16:15      16:15       0.534 
       39      39:38      29:28   +   0.382 
       40        6:5        6:5       0.687 

=== Stratified cross-validation ===
=== Summary ===

Correctly Classified Instances         307               76.75   %
Incorrectly Classified Instances        93               23.25   %
Kappa statistic                          0.7615
Mean absolute error                      0.0253
Root mean squared error                  0.1003
Relative absolute error                 51.91   %
Root relative squared error             64.2336 %
Total Number of Instances              400     

=== Detailed Accuracy By Class ===

                 TP Rate  FP Rate  Precision  Recall   F-Measure  MCC      ROC Area  PRC Area  Class
                 0.700    0.000    1.000      0.700    0.824      0.833    0.999     0.930     0
                 1.000    0.018    0.588      1.000    0.741      0.760    1.000     1.000     1
                 0.900    0.008    0.750      0.900    0.818      0.817    0.999     0.954     2
                 0.900    0.003    0.900      0.900    0.900      0.897    0.999     0.967     3
                 0.900    0.028    0.450      0.900    0.600      0.625    0.993     0.791     4
                 1.000    0.000    1.000      1.000    1.000      1.000    1.000     1.000     5
                 1.000    0.013    0.667      1.000    0.800      0.811    0.997     0.807     6
                 1.000    0.000    1.000      1.000    1.000      1.000    1.000     1.000     7
                 1.000    0.005    0.833      1.000    0.909      0.911    1.000     1.000     8
                 0.900    0.000    1.000      0.900    0.947      0.947    0.949     0.903     9
                 0.800    0.000    1.000      0.800    0.889      0.892    1.000     0.982     10
                 1.000    0.000    1.000      1.000    1.000      1.000    1.000     1.000     11
                 1.000    0.005    0.833      1.000    0.909      0.911    1.000     1.000     12
                 1.000    0.010    0.714      1.000    0.833      0.841    0.999     0.971     13
                 0.200    0.015    0.250      0.200    0.222      0.206    0.980     0.460     14
                 0.700    0.003    0.875      0.700    0.778      0.778    0.997     0.827     15
                 0.700    0.003    0.875      0.700    0.778      0.778    0.994     0.767     16
                 0.900    0.013    0.643      0.900    0.750      0.754    0.997     0.878     17
                 0.900    0.018    0.563      0.900    0.692      0.703    0.990     0.916     18
                 0.600    0.000    1.000      0.600    0.750      0.771    1.000     1.000     19
                 1.000    0.010    0.714      1.000    0.833      0.841    1.000     1.000     20
                 1.000    0.000    1.000      1.000    1.000      1.000    1.000     1.000     21
                 0.800    0.000    1.000      0.800    0.889      0.892    0.998     0.909     22
                 0.900    0.005    0.818      0.900    0.857      0.854    1.000     0.977     23
                 0.900    0.015    0.600      0.900    0.720      0.727    0.994     0.714     24
                 1.000    0.008    0.769      1.000    0.870      0.874    1.000     0.983     25
                 0.800    0.000    1.000      0.800    0.889      0.892    1.000     0.977     26
                 0.100    0.008    0.250      0.100    0.143      0.145    0.987     0.500     27
                 0.900    0.008    0.750      0.900    0.818      0.817    0.998     0.925     28
                 1.000    0.013    0.667      1.000    0.800      0.811    1.000     0.991     29
                 0.100    0.000    1.000      0.100    0.182      0.313    0.999     0.971     30
                 0.700    0.000    1.000      0.700    0.824      0.833    1.000     1.000     31
                 0.800    0.000    1.000      0.800    0.889      0.892    1.000     0.991     32
                 1.000    0.010    0.714      1.000    0.833      0.841    0.998     0.902     33
                 0.000    0.000    ?          0.000    ?          ?        0.997     0.906     34
                 0.300    0.000    1.000      0.300    0.462      0.543    0.993     0.745     35
                 0.100    0.010    0.200      0.100    0.133      0.126    0.982     0.500     36
                 1.000    0.005    0.833      1.000    0.909      0.911    0.999     0.956     37
                 0.900    0.000    1.000      0.900    0.947      0.947    0.999     0.964     38
                 0.300    0.005    0.600      0.300    0.400      0.414    0.983     0.574     39
Weighted Avg.    0.768    0.006    ?          0.768    ?          ?        0.996     0.891     

=== Confusion Matrix ===

  a  b  c  d  e  f  g  h  i  j  k  l  m  n  o  p  q  r  s  t  u  v  w  x  y  z aa ab ac ad ae af ag ah ai aj ak al am an   <-- classified as
  7  1  0  0  0  0  0  0  0  0  0  0  0  0  0  1  0  1  0  0  0  0  0  0  0  0  0  0  0  0  0  0  0  0  0  0  0  0  0  0 |  a = 0
  0 10  0  0  0  0  0  0  0  0  0  0  0  0  0  0  0  0  0  0  0  0  0  0  0  0  0  0  0  0  0  0  0  0  0  0  0  0  0  0 |  b = 1
  0  0  9  0  0  0  0  0  0  0  0  0  0  0  0  0  0  0  0  0  0  0  0  0  1  0  0  0  0  0  0  0  0  0  0  0  0  0  0  0 |  c = 2
  0  0  1  9  0  0  0  0  0  0  0  0  0  0  0  0  0  0  0  0  0  0  0  0  0  0  0  0  0  0  0  0  0  0  0  0  0  0  0  0 |  d = 3
  0  0  0  0  9  0  0  0  0  0  0  0  0  0  0  0  0  1  0  0  0  0  0  0  0  0  0  0  0  0  0  0  0  0  0  0  0  0  0  0 |  e = 4
  0  0  0  0  0 10  0  0  0  0  0  0  0  0  0  0  0  0  0  0  0  0  0  0  0  0  0  0  0  0  0  0  0  0  0  0  0  0  0  0 |  f = 5
  0  0  0  0  0  0 10  0  0  0  0  0  0  0  0  0  0  0  0  0  0  0  0  0  0  0  0  0  0  0  0  0  0  0  0  0  0  0  0  0 |  g = 6
  0  0  0  0  0  0  0 10  0  0  0  0  0  0  0  0  0  0  0  0  0  0  0  0  0  0  0  0  0  0  0  0  0  0  0  0  0  0  0  0 |  h = 7
  0  0  0  0  0  0  0  0 10  0  0  0  0  0  0  0  0  0  0  0  0  0  0  0  0  0  0  0  0  0  0  0  0  0  0  0  0  0  0  0 |  i = 8
  0  0  1  0  0  0  0  0  0  9  0  0  0  0  0  0  0  0  0  0  0  0  0  0  0  0  0  0  0  0  0  0  0  0  0  0  0  0  0  0 |  j = 9
  0  0  0  0  0  0  0  0  0  0  8  0  0  0  0  0  0  0  2  0  0  0  0  0  0  0  0  0  0  0  0  0  0  0  0  0  0  0  0  0 |  k = 10
  0  0  0  0  0  0  0  0  0  0  0 10  0  0  0  0  0  0  0  0  0  0  0  0  0  0  0  0  0  0  0  0  0  0  0  0  0  0  0  0 |  l = 11
  0  0  0  0  0  0  0  0  0  0  0  0 10  0  0  0  0  0  0  0  0  0  0  0  0  0  0  0  0  0  0  0  0  0  0  0  0  0  0  0 |  m = 12
  0  0  0  0  0  0  0  0  0  0  0  0  0 10  0  0  0  0  0  0  0  0  0  0  0  0  0  0  0  0  0  0  0  0  0  0  0  0  0  0 |  n = 13
  0  4  0  0  4  0  0  0  0  0  0  0  0  0  2  0  0  0  0  0  0  0  0  0  0  0  0  0  0  0  0  0  0  0  0  0  0  0  0  0 |  o = 14
  0  0  0  0  0  0  0  0  0  0  0  0  1  0  1  7  0  0  0  0  0  0  0  1  0  0  0  0  0  0  0  0  0  0  0  0  0  0  0  0 |  p = 15
  0  0  1  0  0  0  0  0  2  0  0  0  0  0  0  0  7  0  0  0  0  0  0  0  0  0  0  0  0  0  0  0  0  0  0  0  0  0  0  0 |  q = 16
  0  0  0  0  1  0  0  0  0  0  0  0  0  0  0  0  0  9  0  0  0  0  0  0  0  0  0  0  0  0  0  0  0  0  0  0  0  0  0  0 |  r = 17
  0  0  0  0  0  0  0  0  0  0  0  0  0  0  1  0  0  0  9  0  0  0  0  0  0  0  0  0  0  0  0  0  0  0  0  0  0  0  0  0 |  s = 18
  0  0  0  1  0  0  0  0  0  0  0  0  0  0  0  0  0  0  0  6  0  0  0  0  0  0  0  0  2  1  0  0  0  0  0  0  0  0  0  0 |  t = 19
  0  0  0  0  0  0  0  0  0  0  0  0  0  0  0  0  0  0  0  0 10  0  0  0  0  0  0  0  0  0  0  0  0  0  0  0  0  0  0  0 |  u = 20
  0  0  0  0  0  0  0  0  0  0  0  0  0  0  0  0  0  0  0  0  0 10  0  0  0  0  0  0  0  0  0  0  0  0  0  0  0  0  0  0 |  v = 21
  0  0  0  0  0  0  0  0  0  0  0  0  0  0  0  0  0  0  0  0  0  0  8  0  0  0  0  0  0  0  0  0  0  0  0  0  0  2  0  0 |  w = 22
  0  0  0  0  0  0  0  0  0  0  0  0  0  0  1  0  0  0  0  0  0  0  0  9  0  0  0  0  0  0  0  0  0  0  0  0  0  0  0  0 |  x = 23
  0  0  0  0  1  0  0  0  0  0  0  0  0  0  0  0  0  0  0  0  0  0  0  0  9  0  0  0  0  0  0  0  0  0  0  0  0  0  0  0 |  y = 24
  0  0  0  0  0  0  0  0  0  0  0  0  0  0  0  0  0  0  0  0  0  0  0  0  0 10  0  0  0  0  0  0  0  0  0  0  0  0  0  0 |  z = 25
  0  0  0  0  0  0  0  0  0  0  0  0  0  0  0  0  0  0  2  0  0  0  0  0  0  0  8  0  0  0  0  0  0  0  0  0  0  0  0  0 | aa = 26
  0  0  0  0  0  0  0  0  0  0  0  0  0  0  2  0  0  0  2  0  0  0  0  0  0  1  0  1  0  0  0  0  0  0  0  0  4  0  0  0 | ab = 27
  0  0  0  0  0  0  0  0  0  0  0  0  0  0  0  0  0  0  0  0  1  0  0  0  0  0  0  0  9  0  0  0  0  0  0  0  0  0  0  0 | ac = 28
  0  0  0  0  0  0  0  0  0  0  0  0  0  0  0  0  0  0  0  0  0  0  0  0  0  0  0  0  0 10  0  0  0  0  0  0  0  0  0  0 | ad = 29
  0  0  0  0  0  0  0  0  0  0  0  0  0  0  0  0  0  0  0  0  2  0  0  0  0  0  0  0  0  3  1  0  0  4  0  0  0  0  0  0 | ae = 30
  0  2  0  0  0  0  0  0  0  0  0  0  0  0  0  0  0  0  1  0  0  0  0  0  0  0  0  0  0  0  0  7  0  0  0  0  0  0  0  0 | af = 31
  0  0  0  0  0  0  0  0  0  0  0  0  0  0  0  0  0  0  0  0  1  0  0  0  0  0  0  0  0  1  0  0  8  0  0  0  0  0  0  0 | ag = 32
  0  0  0  0  0  0  0  0  0  0  0  0  0  0  0  0  0  0  0  0  0  0  0  0  0  0  0  0  0  0  0  0  0 10  0  0  0  0  0  0 | ah = 33
  0  0  0  0  1  0  0  0  0  0  0  0  1  0  1  0  0  0  0  0  0  0  0  0  5  0  0  0  0  0  0  0  0  0  0  0  0  0  0  2 | ai = 34
  0  0  0  0  0  0  5  0  0  0  0  0  0  0  0  0  1  0  0  0  0  0  0  1  0  0  0  0  0  0  0  0  0  0  0  3  0  0  0  0 | aj = 35
  0  0  0  0  0  0  0  0  0  0  0  0  0  4  0  0  0  0  0  0  0  0  0  0  0  2  0  3  0  0  0  0  0  0  0  0  1  0  0  0 | ak = 36
  0  0  0  0  0  0  0  0  0  0  0  0  0  0  0  0  0  0  0  0  0  0  0  0  0  0  0  0  0  0  0  0  0  0  0  0  0 10  0  0 | al = 37
  0  0  0  0  0  0  0  0  0  0  0  0  0  0  0  0  0  0  0  0  0  0  0  0  0  0  0  0  1  0  0  0  0  0  0  0  0  0  9  0 | am = 38
  0  0  0  0  4  0  0  0  0  0  0  0  0  0  0  0  0  3  0  0  0  0  0  0  0  0  0  0  0  0  0  0  0  0  0  0  0  0  0  3 | an = 39

